4.070809725918714800e-01
5.105394572288970400e-01
-7.573866544679007700e-01
-5.692521829421027800e-01
-8.023672799545417100e-01
1.793284703386526800e-01
3.074311125800066000e-01
8.653716290803930000e-01
-3.957499900196667100e-01
6.543953976767630200e-01
-2.886918975674652700e-01
6.988731299587697100e-01
-7.100541921703797900e-01
-2.879046867393312800e-01
-6.425993584923633800e-01
-8.764030514982174000e-01
-3.976902246481931500e-01
2.715882481696924000e-01
-4.835363301071222700e-01
2.761891382698329900e-01
8.306095215974249600e-01
5.116657928382695200e-01
1.521767850958303600e-02
-8.590497882544201300e-01
8.229880884375038200e-01
-2.225455281896879200e-01
-5.226510252288388800e-01
-3.959835732184385200e-01
-8.663101608776652100e-01
-3.044728475599614600e-01
7.256650516032839800e-01
6.676178653108331100e-01
-1.664230116282285300e-01
-3.053415733421039900e-01
-1.634239931343377500e-01
-9.381146635976843600e-01
-8.010450736978984600e-01
-5.594470546982982500e-01
-2.129454927762688700e-01
1.292723400689271800e-02
4.006751933455102200e-01
9.161289625693912500e-01
-2.888864934473061600e-01
7.138947688212611300e-01
6.378862382536230100e-01
2.861383739592494600e-01
-3.551131030968662800e-02
9.575300401491568800e-01
-5.967649801883381200e-01
-3.824782736865443600e-01
7.053948742219305900e-01
1.687267678578151000e-01
-3.667393042552357100e-01
-9.148953822829365400e-01
-4.383442175383869300e-01
3.253266992049406200e-01
-8.378644793372478400e-01
8.067303894931600100e-01
2.934561257260722100e-01
-5.129030911800572800e-01
8.607620574308079100e-01
1.362572268070896300e-01
4.904310844862139800e-01
-7.268820688781225700e-01
5.337315514081197900e-01
4.321725222349774900e-01
6.843217994339146900e-01
-6.497462428215858800e-01
3.309584486892002700e-01
-8.282680443111438700e-01
2.003640950464953000e-01
-5.232841256804874300e-01
-2.182140668544594000e-01
-1.459237497623357400e-01
9.649294690712564300e-01
9.562572039112330300e-01
-2.465880595308271000e-01
1.573737235522237900e-01
-1.305104232592282900e-01
9.674360356142267500e-01
2.168744946177985400e-01
-8.404388515734936300e-01
4.176456609190985100e-02
5.402946027723964900e-01
-2.634986720284868700e-01
-7.606181880507998400e-01
5.933198309896125000e-01
4.034834557861359200e-01
-9.149117723967770100e-01
-1.172815572311185400e-02
4.629043570600849300e-02
2.127895142126486900e-01
-9.760009314561605100e-01
-9.563306617586719800e-02
-9.907095510326631200e-01
9.668972099691504300e-02
-1.939973525883675900e-01
9.357298017250059700e-01
-2.945755681525295500e-01
-5.908194622515827700e-01
6.557711873427368700e-01
-4.699962902788144000e-01
-5.828075426516009500e-01
8.123127090670221300e-01
2.198706248223963900e-02
3.732072766809533300e-01
9.207931619104169400e-01
1.133855441024265300e-01
5.074672142718362800e-01
3.907521195363962100e-01
7.679777389462511000e-01
-9.086126154186378000e-01
4.160339942336104800e-01
-3.659003613186293700e-02
7.799918368748183200e-01
-6.010805454786372100e-01
-1.741117809217717400e-01
-7.969563032669807500e-02
6.803446839252842400e-01
-7.285463043358572100e-01
2.206291958739585400e-01
7.796548228561103200e-01
5.860555563470224400e-01
1.249411773748689700e-01
-5.138388185827117400e-01
8.487398722304171400e-01
9.715034677159400900e-01
2.354830022928994000e-01
-2.699570052852715400e-02
1.035774594369077700e-01
-8.960836104238296700e-01
-4.316316404370631500e-01
2.302148460652214100e-01
-8.509688914451648500e-01
4.720731621727225500e-01
-9.884021090277151900e-01
-8.641668233714848400e-02
-1.248736476739786500e-01
5.003286388655794300e-01
-6.165527961675375500e-01
-6.078930026484163900e-01
7.129659758827260300e-01
6.096040904631787600e-01
3.465001733392822900e-01
-2.357188754752309900e-01
-6.337613571516593800e-01
-7.367381854675237900e-01
