-8.523951870934762800e-01
-6.137236056184016500e-03
5.228621035736559200e-01
9.416664797414469000e-01
3.068551024641148500e-01
-1.382178968986606800e-01
-3.326569512075630600e-01
-2.192820002791605900e-01
-9.171994097069945400e-01
6.986194635166895800e-01
-4.900729809268299400e-01
5.213053985536155700e-01
1.651713768573511400e-01
9.658133183338861700e-01
1.998075333813375500e-01
-5.610091745339879100e-01
6.986843985032268300e-01
4.439693878826305200e-01
8.717470409010208400e-01
-4.124749972500265100e-01
-2.644266879948100100e-01
3.116637962945959000e-01
-1.399399753928495000e-01
9.398310919342312000e-01
-6.623977169437288400e-01
3.568578846504597500e-03
-7.491438645765926600e-01
-9.715330010472706900e-01
1.488816727653635200e-01
1.842766273586297100e-01
-4.456085026579857400e-01
-2.033797938036501500e-01
8.718197760037866800e-01
-7.018785150269568600e-01
-3.542220621492370700e-01
6.179751458030461300e-01
-5.914833174186211500e-01
8.034015147307195200e-01
6.850906030481203300e-02
3.800660481548894200e-01
3.024367874262618900e-02
-9.244647743078360200e-01
-1.199143741119603900e-01
8.389594242172233600e-01
-5.308178853415189700e-01
6.336530681888437000e-01
-7.394739439650962500e-01
2.272929285560161800e-01
7.770474354464093100e-01
4.101342559563659300e-01
-4.774800259249351000e-01
-7.255923146014282600e-01
6.374701671536567900e-01
-2.591284989738312800e-01
4.029735700345227800e-01
-4.835035315317328100e-01
7.770692612952686500e-01
4.615992471804241100e-01
8.860773650622942900e-01
-4.234428092113092700e-02
8.816209138997176400e-01
-4.553588054363289000e-01
1.240682170671691000e-01
-3.938778980266959000e-02
-8.540579228449629600e-01
-5.186845538862787700e-01
8.995899894197556500e-01
-1.778401200934952900e-01
3.988868794795025200e-01
-2.477620614816778400e-01
-9.606638140914969300e-01
1.254551600593905600e-01
3.713906358461036600e-01
-7.722891868626587900e-01
5.154012101856575400e-01
-9.615820079326147000e-02
-5.226328089572727100e-01
-8.471177883987762700e-01
3.732878319267626300e-01
-9.277047430229464800e-01
4.483782794259216100e-03
9.923620249039946100e-01
-1.173057475521696700e-01
-3.817031725922875900e-02
6.974887367048330200e-01
1.051606416576636600e-01
-7.088375706860102800e-01
-4.642843541402351100e-01
6.559596965368836900e-01
-5.951108426333905400e-01
5.854556957093485200e-01
-6.153552271838125300e-01
-5.278063780772654900e-01
6.476247890385865600e-01
-1.716499331544380500e-01
7.423735131797223300e-01
-7.690045199830856100e-01
3.758022063259237600e-01
5.171119317576727800e-01
-4.971447865212264000e-02
-7.907855105905700100e-01
6.100710998337483000e-01
2.025288659733676400e-01
6.903461825411449900e-01
-6.945532425224216800e-01
1.380103585683569200e-01
2.092179062627430000e-01
9.680810961003565300e-01
8.198149778889414200e-01
5.330087857544569800e-01
2.092965272944437000e-01
-8.974003797005202200e-01
4.276239693622686800e-02
-4.391399958118489300e-01
3.288366647152254400e-01
5.271361631969920800e-01
7.835776371164001600e-01
5.072224011347782300e-01
1.841485389963477300e-01
8.419113678841619900e-01
-7.648861922032103300e-02
-1.445871264753072800e-01
9.865313243822430000e-01
-9.250077524190702900e-01
-2.816011716175891300e-01
2.550714372645848700e-01
-4.114433324786395700e-01
8.698626069638860600e-01
-2.721275972128952000e-01
-1.640447867118146900e-01
1.281760101064915400e-01
-9.780900870501939600e-01
6.498480892518782000e-01
5.129984276975526600e-01
5.608298084762628500e-01
-9.877412790973211200e-01
-1.226351036357897200e-01
-9.658052041393835900e-02
-4.041604315158543500e-01
-7.990025333162359400e-01
4.452519481722184700e-01
6.223635326334953100e-02
-1.906642667916883000e-01
-9.796804446865659000e-01
-9.330163287490795800e-01
3.195933305783826300e-01
-1.653500327711070700e-01
-5.896341969588980700e-01
-8.075585653004451200e-01
1.344162886417517000e-02
-2.522986106685760600e-01
2.023052189038911100e-01
9.462652954953780800e-01
7.483417350527972200e-01
-2.687290407958789500e-01
-6.064398982678298500e-01
9.172252276085287600e-01
1.573573170861921100e-02
-3.980581221204728700e-01
4.940125702787361800e-01
4.362033056882647100e-01
-7.521158531192033700e-01
5.020888322987610000e-01
7.968127722504748700e-01
3.361490896304492600e-01
-7.397247120144265800e-01
3.814898787608893600e-01
-5.543219487249047000e-01
1.804491070706818500e-01
8.099494099360323700e-01
5.580502424528339700e-01
-3.471251325597759000e-01
-5.618943129229420100e-01
7.508521315480252100e-01
-4.344969230894168400e-01
4.947428251857718400e-01
7.526233857335489200e-01
-8.034643081006147300e-02
9.913899173982000400e-01
-1.033947906679748600e-01
5.241293047427876300e-01
7.082559003295884100e-01
-4.729292246818399000e-01
-4.609769484227327400e-01
3.302825441475198400e-01
-8.236587242628508100e-01
-3.405392245417244700e-01
-8.995640888038877200e-01
-2.735278535779350200e-01
2.195493850900485600e-02
-9.874618136619922600e-01
-1.563238536962123200e-01
2.163699399467750900e-01
9.130746765165448400e-01
-3.456568879563028400e-01
-6.033404082407647400e-01
1.435403866046814600e-01
7.844593738347742700e-01
-8.542547285256966200e-01
-3.428113000734110400e-01
-3.908059254073131800e-01
-8.411806499083831500e-01
5.166645468947784800e-01
1.596021935993475500e-01
3.254588807992907500e-01
-8.664132825547808900e-01
-3.786879199572157400e-01
-8.513498280546349900e-01
-5.227735619698030700e-01
-4.371811039772924300e-02
7.472405609105582400e-01
6.454844959315719800e-01
-1.580547678560780300e-01
2.231506476982474800e-02
-5.025674428313090500e-01
8.642499657450485300e-01
-7.237335271457818700e-01
-6.098488201914928900e-01
3.229461227452187200e-01
-2.079033828064305900e-01
7.792217411611085400e-01
5.912610772911517400e-01
1.539483753944965400e-01
3.492038342145242200e-01
-9.243141132122080200e-01
-6.509769251419824700e-01
-6.741546741437342000e-01
-3.489190712226052400e-01
-2.641209262988518100e-01
9.349055605153118200e-01
2.370479470668053800e-01
2.423997274298645700e-01
-6.616364295169743200e-01
-7.095629692127101200e-01
-3.749042993544980900e-01
-6.841637333612564700e-01
-6.255931203895231900e-01
4.371915445344921000e-01
-3.449716761043775700e-01
-8.305769657733603800e-01
7.982619006135052200e-01
1.519524078701257900e-01
5.828279366771855800e-01
1.069088265505095800e-01
-9.511224412479489800e-01
2.897181467566969900e-01
6.655228966535506900e-01
-7.285328814589153700e-01
-1.622316697289325800e-01
-6.108680304892301100e-01
-3.801297887867793900e-01
-6.945081662609357000e-01
-5.674000577628031400e-02
5.263937333720905000e-01
8.483455718108630100e-01
9.592840809709765000e-01
1.681763091502123900e-01
2.269158016451945900e-01
-1.500311084995355500e-01
5.669068298365791400e-01
-8.100045140411507000e-01
