0.0
0.0
1.0
.3309385467625309929603
0.0
.9436523079326961976941
-.9445686106734941330729
.1756811437903319587940
-.2773558642734380187229
-.5337282862073483757253
.1956903738564687110071
.8227024942724328004457
.8133049568318408438821
.5672469890849863191601
.1294832057325385852169
-.8380553637991554981714
-.2048289983915430160841
.5056760708451433107662
-.4060541149094266289202
-.9128413178579804078835
-.04290436080898693849317
-.03913684080444012789257
-.01978231742024938711573
-.9990380211029670355388
.006296691350797266578863
-.3467355687423857997978
-.9379417876643129105867
.7764250024835061215234
-.03160979441482577512002
-.6294164252826104650651
-.3883109498548792125886
-.8435857541809005144309
-.3709146553667605782929
.8857427738889945668243
.2042581233304789781633
-.4168193344327255220005
.9089422028993235614030
-.2522532576517481245916
.3319523547026074267645
-.3968138396805234712899
.8590822536023636023375
-.3232900527134790232860
.8881317050962091836551
.4282559500523558432904
-.1667900346173422302956
-.05537595698084792202876
-.8529545208681778377291
-.5190395829982453831739
.8599680331663168598638
-.4986890134237871760502
.1084631265567536506649
-.3380869171909778361778
.1182382164509337274437
-.9336578391438712919690
-.08213012474390574640118
.6298497144353266488889
-.7723625960876717353739
.6629988280189845107715
.5908001439287707097062
.4597692290477874217786
-.3543707548219992555348
-.06585995914229348826137
.9327828439184877738536
-.2786172939337323773629
.8923153394929179052719
.3551700134114405197513
-.01494895039035078763293
-.6127462573267022532573
.7901383125847939897841
.1588047111050972517926
-.8027754352048271198842
.5747457388815744982910
.04816231715437620588639
.9007873880962750778864
.4315813627266728759143
.9308601786351672983020
-.1205348439175127709262
-.3449212652665608865561
-.9989464948806458677270
-.03863843585656341556041
-.02475826407949462309964
-.8109651808865126124905
.03130493554258482429651
-.5842563447669015154905
-.8071474247640079701113
.5792602363542254872900
.1138886002885140325562
-.8472657279450551030807
.4891740136482374289681
-.2070013783070293803763
-.7570532124500931325126
-.3000166419700560716837
-.5803968022482595846927
.2047978457688122729790
.7416846693842891206328
-.6387187906808218534581
-.08952516925065401306120
.8500545393875356609679
-.5190303691859334128217
.2926288822672451664302
-.4816645487324475268839
-.8260554459341034142292
-.6500207669423084839432
-.7356546823593537341063
-.1904867209715455202810
.1940847375592156967831
.9157146305264112327846
-.3518491581437257510820
.7240440177574916417479
.5298474824082487899098
-.4416128459807635818441
.3966181153857769955290
.7950935806138800288547
.4588248779375786476547
-.6647950415384943861649
.4243590372330559785721
.6147901758034730773673
.8772677514987346807825
-.4270997755556487959095
-.2190595213650133001381
-.06364671876300835123483
.3111452662554977821344
-.9482287268784351240411
-.5174132062262090999029
-.7047433137816812755076
.4854074944855395817861
-.05502263007133333229387
.9906446261773648696009
.1248828843594758546434
-.5921402837524247207732
-.1056809870025752278254
-.7988750924542330866670
-.6053807129285094853559
.2277965143327713964297
-.7626420788758046651089
.4894973831541424719885
.7682532762223700924224
-.4125278359806055047101
.3276469522481072248927
-.9058944136665908259529
.2683333485986975948836
-.3622126146233468171964
.9320912574172179733662
.002812410728955461548136
.7383970393555143948755
-.2597543676988966545855
.6223322912499055919196
-.6338124204935897482630
.7664173307418609005007
-.1043373891113725940577
-.6189592830006820767541
-.7664827365462892629608
.1714456781718141805572
.1967269739242149004306
-.9298139211964637217507
-.3110378910677566027891
.4258174688280318062935
.8981471217069812143405
-.1095957618266018302042
.5315165673031160142986
.04501492654269630228707
-.8458509295795966672376
.8461628073966587094448
.04479028197799365895746
.5310389194954894012477
.4974711162318668875030
-.7890650095742054655344
-.3604148986663556648177
.2585707665703393813733
-.7612440443996385055590
-.5946836667853828502794
-.3816116695429859915427
.4922181864147083322743
.7823642314365031703038
-.7713491046349153322626
-.5291775091763138412955
.3535416843327908321892
.3164558552484258149228
-.5694116813353134987424
.7587002233015875161025
.9736157779400830585561
.05782091360390594785670
.2207465943024637451858
.1606722159934629254495
-.2893177504769555428978
.9436523079326961976941
.9875106080236979194895
.1126424675454593777282
-.1101565864845882605195
-.05429159501540535066634
.5184719483826088920181
.8533693581627035157589
.5591334101998080217533
-.2828686676020817004428
-.7793299342944272106938
-.8325785821371372467374
-.5533728457116113767406
.02431867997131746986031
.7383586112933493061663
-.5276449775026251475789
.4200206409751917279168
.1622355759470182395033
.7111807314940286606007
.6840333215924189081307
.2896728796340681405788
-.1668112835037676711419
-.9424773835484500997314
-.1685474165612016736235
.7503517565342304549980
.6391901202588629681977
-.8010557278267632312142
.1188466258237226463153
.5866729927704621117694
.6831561034154977465461
.2881817071883444259720
-.6710059925277605616976
.4764856038455250731077
-.7198167502491250468134
.5048022537476968104571
-.6323631781884177222751
-.4316742012591509540996
.6432528234207118453041
.7074340133181497133821
-.6973510925790551215512
-.1150589869561437905405
.4771218163976516138602
-.2838464461118993533644
.8317367175657512356188
-.8654867312505168970932
.3532568676979978081072
.3551651777039731285002
-.9567574636614663558929
.2883039988060015717893
.03867764212755128358702
.4446316930680229033591
-.8945253678834675252429
-.04611966752276689328614
.6243190122237192024227
.01357477319854540876216
.7810515325563401046173
-.1032425631916725251354
.9729072414863984634677
-.2068634153467941029237
-.2242277563358820921464
.2433972781726866415774
.9436523079326961976941
.6871504666822246906894
.3176352602950560871937
.6534003960480072905070
.9794382229678586761527
-.2015985022770964620731
.007668850578456058490603
-.3509550511346287701585
.4367227977426970710862
-.8283137992420996792791
.6946945662626096993594
.7023757810436889038822
-.1551377510745613609715
.7721014625346227491135
-.3519548388516891206694
-.5291380944146604207784
.1285453145024933179853
-.9916334185833122837149
.01180107063907548167335
-.9304143479478844957216
-.1552388873787971415934
-.3320090796621472811646
.5749781800197139056676
.7993527070710850731709
.1744572790093480979349
.5374031769644057250214
-.5755638172688099691813
-.6163798485021387775548
-.3320792377219947974300
-.8993967807998012583390
.2842689053711874308309
-.6021805654003883626510
-.6206142695108549079757
-.5022116039415821205690
-.5704522140449490156185
.7900469685337517719860
.2245218452664343984971
.8653113583902555973789
.3385255470576001163291
.3696440274509561221664
-.4991298129172402066801
-.4252434030803741001816
-.7550082635268459567096
-.9533943406740956762357
.03403518822545370452314
.2998013294384538455163
-.7831238788171630633872
.3572734828108795687590
-.5089917965022083166147
-.1767884104469842640683
-.8048836135950615506280
.5664876225459690254407
-.3025593712339520720016
-.2155370912244158206514
-.9284404069109839362442
-.001652637890025477464626
-.9480422238279260178429
.3181402373598867446189
.4836086591063861908299
.5581180165736447021464
-.6742602942582515813429
-.3117557818196753602929
-.6860972698727098949980
-.6573270637781597237819
-.1695632058406880578393
-.3459351004666223757380
.9228094199184229906634
.2382492427464530116754
.1646032629563765580501
-.9571536262036808789851
.0005877844386186707250470
-.6375761274019942631066
-.7703871340284245023983
-.8275882852489543236568
-.4733641152852582559395
-.3017019132834595442570
.2719557114842178974976
.9443254177516899258857
.1851745025083343880764
-.6385609942417554573192
.6462304318802185838460
-.4178828610327144324765
-.4823903728706877448314
.6943566886971220025140
.5340115326687681666615
-.3714778899682053244880
.6953261020159926986696
-.6152444954000118905012
-.9384803039306787051816
-.2846910735038271872167
.1954628143699445184583
-.1213164535594567630053
-.9698553354590947075109
-.2113360981405756970288
-.6381247398588004257810
-.1173307281165200035923
.7609404159458121103668
.2086775287715154205923
.4817386001917013934672
-.8511061097602069452483
-.3450042277904958366164
-.5739098161810769383417
.7426975196523051129707
.6213561970909381247161
-.7564997895285610599147
.2040209420131425489694
.2059342335045171983165
.3143786607120859705928
.9266915070074733987054
.4233177820179787399250
.5061364220430387367566
.7514173126225200348689
