5.668240519207058400e-01
-8.220952096606357600e-01
5.357201151000903800e-02
8.223584252060107700e-01
-4.968916917661060900e-01
2.771737129428169500e-01
2.007654113998921800e-01
-9.219507832618670800e-01
3.312099075031753000e-01
4.944406125439328400e-01
-6.496400086663333100e-01
5.774914196827404300e-01
4.700972372698523200e-02
-6.977442714417732000e-01
7.148027822730559400e-01
3.090541245912108400e-01
-3.467211201845829000e-01
8.855902059593412400e-01
-1.386555719497575300e-01
-2.265240709517046300e-01
9.640858248344661400e-01
-3.976268794368162400e-01
-5.465544066694869600e-01
7.370014554256352200e-01
-2.740664197336389900e-01
-8.670850900606870100e-01
4.159940434295127900e-01
-7.224047878816798300e-01
-5.657369366832206700e-01
3.975840048567231800e-01
-5.548360586750862300e-01
-8.309682139019182200e-01
4.060511640855531100e-02
-8.696312179876042300e-01
-4.918452266640467900e-01
-4.277636858346243300e-02
-6.639443738580408400e-01
-5.951465882569618700e-01
-4.527454106982782300e-01
-6.996122696618297700e-01
-1.894134526005283900e-01
6.889595170346154400e-01
-4.296377638157309900e-01
1.372921239544502600e-01
8.925033695194065600e-01
-1.162907941008908100e-01
-9.931781777521865300e-01
-8.576621959162710600e-03
2.571911325245518400e-01
-9.232322598392610500e-01
-2.854731436454745500e-01
-2.758417438424376500e-01
-8.595700977929641200e-01
-4.301750566155102000e-01
-3.249332960378955000e-01
-5.430076594862220900e-01
-7.743132666209745500e-01
9.831220273590970900e-02
-7.253861392269542700e-01
-6.812852998638876400e-01
6.385986396877516600e-01
-6.666983489493617500e-01
-3.843241976471797300e-01
4.677859344438860000e-01
-4.463083568773612600e-01
-7.628795252973370500e-01
-9.433320501240855000e-01
-1.655507314829098900e-01
2.876066732782177600e-01
-9.611222638153292800e-01
-8.626978615911178000e-02
-2.623004346061169600e-01
-7.291185589264677100e-01
-1.785360683742118500e-01
-6.606897905359745400e-01
-3.521278219899582900e-01
-1.003984331459425700e-01
-9.305515308688971900e-01
-8.259858391425043400e-01
2.287763452297093800e-01
5.151783937621895500e-01
-9.660849260207017300e-01
2.494214782268726600e-01
6.684939726502421600e-02
-5.103489302790273900e-01
5.421693613027529500e-01
6.675300390451485200e-01
9.183760198722413800e-01
-3.608033535479240900e-01
-1.625005421289189600e-01
9.675320394162390000e-01
1.016793810449201200e-01
-2.313937254408066100e-01
9.522251673302281100e-01
-4.570078909365581800e-02
3.019580576489663800e-01
9.102973928794676500e-01
3.915558777037135800e-01
1.343229360627540300e-01
7.656333348547472700e-01
2.956991366853865000e-01
5.712859328941293200e-01
6.266363944799530100e-01
6.916061169078683300e-01
3.591765696266734900e-01
7.506036947601292300e-01
6.120393990007826400e-01
-2.490017419280505200e-01
4.476581915073834500e-01
8.938356259975964700e-01
-2.569080134646766300e-02
3.803716855522456000e-01
7.908378689789150600e-01
-4.794714233601749500e-01
2.013841443625407600e-01
8.632383347240482100e-01
4.628865993547658900e-01
7.453560733243515000e-01
2.962075723482106600e-01
-5.972481879772291200e-01
7.994526840106910300e-01
-1.703520361857867600e-01
-5.760690842212058400e-01
-6.548111584956826900e-02
9.153700514095650700e-01
-3.972529325877226500e-01
-4.339461483161707300e-01
8.959098077413708600e-01
-9.505975359940628500e-02
-2.472037306897556700e-03
9.981186960060475200e-01
6.126138844933707400e-02
3.993315616728218600e-01
5.392009009360860800e-01
7.414827660044827100e-01
4.705847458148084700e-01
9.474373879765277100e-02
8.772534530938332900e-01
2.663213975315006600e-02
2.134491727368954500e-01
9.765911016336897800e-01
7.141890631058972500e-01
-2.416508042424071500e-01
6.569161825902286600e-01
4.843783242559688800e-01
1.003704676811462700e-02
-8.748010612037198100e-01
3.601841248466502400e-01
4.591400314486210300e-01
-8.120700879418056900e-01
-7.544375077827558700e-02
6.313617967305096300e-01
-7.718099002330355300e-01
-4.685401135948266100e-01
7.101076734609393900e-01
-5.255637487921317500e-01
-5.656875817718279800e-03
2.140391968569452800e-01
-9.768086926132552000e-01
-6.750669739228091200e-01
6.927581591840636900e-01
2.537138419609953900e-01
-2.687201924017086400e-01
8.644011914560121300e-01
4.249706324030113600e-01
-7.807135343652787900e-01
5.941164326760568500e-01
-1.936802563070157700e-01
-8.046547586996574100e-01
2.668523364004725100e-01
-5.303965967647278300e-01
-4.467239430037187600e-01
3.477325772104111200e-01
-8.243298936068107500e-01
9.382075693151709100e-02
-2.453245164346804200e-01
-9.648904327460645600e-01
-6.094835476604320400e-02
6.290570421668392200e-01
7.749661513586383300e-01
