0.21928120489720767757
0.12660206267562833611
0.96741287509785866928
-0.21928120489720767757
0.12660206267562833611
0.96741287509785866928
0.00000000000000000000
-0.25320412535125667222
0.96741287509785866928
-0.42748582917863019775
-0.24680905855103252090
0.86967876510158163313
0.42748582917863019775
-0.24680905855103252090
0.86967876510158163313
0.00000000000000000000
0.49361811710206504179
0.86967876510158163313
-0.42650804023327792380
0.47601571958894451837
0.76909032390258812940
-0.19898768564811683587
-0.60737465755480637707
0.76909032390258812940
0.62549572588139475968
0.13135893796586185870
0.76909032390258812940
-0.65850427170715877771
0.10460298032581523921
0.74527199105452870742
0.41984097412729922303
0.51797993763606225863
0.74527199105452870742
0.23866329757985955468
-0.62258291796187749784
0.74527199105452870742
-0.59525032688591734992
-0.54257092455290456194
0.59270046412333345337
-0.17225504057466669494
0.78678736697064794987
0.59270046412333345337
0.76750536746058404486
-0.24421644241774338793
0.59270046412333345337
0.25186617310810164578
0.83370586731163124938
0.49142441703077848221
0.59607737382196025880
-0.63497543792140067504
0.49142441703077848221
-0.84794354693006190458
-0.19873042939023057434
0.49142441703077848221
0.76072225861281128338
0.43436372318170225536
0.48231711687929198344
-0.75653114806415147083
0.44162293959211892408
0.48231711687929198344
-0.00419111054865981255
-0.87598666277382117944
0.48231711687929198344
0.94087047880502231776
0.06353367450898984554
0.33275548728246959359
-0.52545701552306818664
0.78305089906148265357
0.33275548728246959359
-0.41541346328195413112
-0.84658457357047249911
0.33275548728246959359
-0.96112033475450208954
0.14058299080577506921
0.23766389043667783312
0.60230860875504642488
0.76206313058831497832
0.23766389043667783312
0.35881172599945566466
-0.90264612139409004754
0.23766389043667783312
-0.76252620948995522387
-0.61712068275932439431
0.19420567126514668073
-0.15317908372539476192
0.96892740984941812225
0.19420567126514668073
0.91570529321534998580
-0.35180672709009372795
0.19420567126514668073
-0.81168335543255353963
0.57991227307316831967
0.06979889721809375503
0.90806043816401901107
0.41298226909700105158
0.06979889721809375503
-0.09637708273146547144
-0.99289454217016937125
0.06979889721809375503
0.70432278615166580371
-0.70809636813665691839
0.05028863031770583020
-0.96539083620967572548
-0.25591324120324875084
0.05028863031770583020
0.26106805005800992176
0.96400960933990566923
0.05028863031770583020
-0.52097596671771716466
-0.84849987774811782036
-0.09290855484813640381
-0.47433446587900198142
0.87542836081275818727
-0.09290855484813640381
0.99531043259671914608
-0.02692848306464036691
-0.09290855484813640381
0.25676449514366659600
-0.94832705995748708361
-0.18640756794188027563
-0.94965757259122560805
0.25179895439444214200
-0.18640756794188027563
0.69289307744755901206
0.69652810556304494161
-0.18640756794188027563
-0.80388918127421536861
-0.54572707067053815519
-0.23652515419638807792
-0.07066891609644400659
0.96905198814621323721
-0.23652515419638807792
0.87455809737065937520
-0.42332491747567508202
-0.23652515419638807792
-0.72557513975157364242
0.58635477141162143486
-0.36017884254535211771
-0.14501055779689485421
-0.92154388908511778174
-0.36017884254535211771
0.87058569754846849663
0.33518911767349634688
-0.36017884254535211771
0.33358329209573846196
0.86623328380616848471
-0.37197054353933887462
-0.91697167542762653177
-0.14422503667013000001
-0.37197054353933887462
0.58338838333188806980
-0.72200824713603848469
-0.37197054353933887462
-0.49696220647084542102
-0.70461756877816203502
-0.50650039201246517860
-0.36173561127929453561
0.78269067991360049174
-0.50650039201246517860
0.85869781775013995662
-0.07807311113543845672
-0.50650039201246517860
-0.66020915623113460759
-0.33323131865094570985
-0.67311273817892139000
0.61869136540387350316
-0.40514224178177903185
-0.67311273817892139000
0.04151779082726110443
0.73837356043272474170
-0.67311273817892139000
-0.44328619975764668604
0.44716044401574836039
-0.77688151117919039810
-0.16560920420634400273
-0.60747733214505948047
-0.77688151117919039810
0.60889540396399068877
0.16031688812931112008
-0.77688151117919039810
-0.49315233830321027127
0.02143867434017420841
-0.86967876510158163313
0.22800973254955268302
-0.43780179007636486848
-0.86967876510158163313
0.26514260575365758825
0.41636311573619066008
-0.86967876510158163313
0.25296520155716344344
-0.01099708579754543768
-0.96741287509785866928
-0.13600635644685312490
-0.21357574792318166019
-0.96741287509785866928
-0.11695884511031031854
0.22457283372072709787
-0.96741287509785866928
0.57371113206719206928
0.56657649480049532427
-0.59147832798993167719
-0.77752520371796690131
0.21356016740386975681
-0.59147832798993167719
0.20381407165077483203
-0.78013666220436508108
-0.59147832798993167719
