5.475586990271121800e-01
-8.281953869624024700e-01
-1.194649410242728200e-01
7.045775096830714200e-01
-6.769596034553887500e-01
2.128291054774328100e-01
3.870431944630811600e-01
-8.077480053859208400e-01
-4.446804756393962200e-01
8.087512628371873500e-01
-5.757543364530792700e-01
-1.201180207742746400e-01
9.093563245023998900e-01
-3.801597198294818800e-01
1.689664537908517900e-01
7.672073327575289500e-01
-3.982865749117774900e-01
5.027531330664419800e-01
2.160596916815237800e-01
-9.726687668826881100e-01
-8.505104091894458200e-02
4.088553979845561700e-01
-8.878937311616058600e-01
2.109075287959447400e-01
5.247123848998835900e-01
-6.675320726892882700e-01
5.282781890858444500e-01
2.609880730907006000e-01
-5.884748373370850500e-01
7.652336842595826000e-01
2.043717837018446400e-01
-8.374491127522210000e-01
5.068640424976350600e-01
6.721002651104988100e-01
-5.829175537877173700e-01
-4.566052552528727700e-01
4.195192159218423800e-01
-5.574486589427319900e-01
-7.164179088459978800e-01
9.149648489537222100e-01
-2.755197448047848600e-01
-2.948358787559591800e-01
8.864257023546945300e-01
4.647209347049604400e-02
-4.605321039118294200e-01
9.972956237826375900e-01
-7.335716461363388200e-02
-4.490566094407336600e-03
9.570713102494076100e-01
2.827703585140630700e-01
-6.368226945791552500e-02
9.331542143639828300e-01
-6.789185209018609700e-02
3.530069526716188000e-01
7.807561718128976900e-01
6.167793479662124800e-01
-1.000151793401533000e-01
8.327902330725525100e-01
3.977224987636048300e-01
-3.850678403556939700e-01
8.509884448912520300e-01
4.738499847319899100e-01
2.264616052028721500e-01
6.242337074049570900e-01
7.560659601075949700e-01
1.967143678180201000e-01
5.310138321858091100e-01
-3.456507211269261900e-01
7.736600603700423100e-01
1.371451617346323400e-01
-2.979408323082226600e-01
9.446811446494871600e-01
3.936372386128323400e-01
-4.208065174955777400e-02
9.183022068608985800e-01
-1.010318561199523600e-01
-6.031251069005253400e-01
7.912222630052742100e-01
-2.257286853707451400e-01
-2.912849322586036300e-01
9.296233908631473800e-01
2.092467042369898500e-01
2.701470851967409100e-01
9.398065594183000500e-01
5.849086114025873200e-01
2.325322769485923800e-01
7.770525442234910200e-01
8.270548186336687000e-01
2.437570378534716600e-01
5.065203189130034200e-01
6.441426338782946200e-01
5.711812274083464300e-01
5.087556119362500700e-01
3.073831463962452000e-01
9.333426442209091800e-01
1.854376169774249200e-01
4.879208397997096300e-01
8.643039502312589400e-01
-1.221144369179485400e-01
6.061153038906156300e-01
6.802723302717860200e-01
-4.121332248875122500e-01
2.991628049696503100e-01
7.983798018132851600e-01
5.225813890479363800e-01
2.580341036658707600e-02
5.624519778955523500e-01
8.264272240039257600e-01
3.808844428209242100e-01
5.323318440315892900e-01
7.560091593670820200e-01
-5.946163951411609400e-02
8.136615091477322800e-01
5.782899462706645500e-01
-3.202563981924100300e-01
6.084890105294364900e-01
7.260695307487650100e-01
-2.249468544552252200e-01
3.173358886959616300e-01
9.212474403851791400e-01
-4.120347674145621900e-02
1.380211456271798200e-02
9.990554414736020300e-01
-4.860334065502873400e-02
9.672129843115807600e-01
2.492724578774340400e-01
7.830481250805344800e-02
9.928480090038616100e-01
-9.011763065653008400e-02
-2.790428696976984300e-01
9.597643446558230500e-01
-3.142418810807930100e-02
-3.660141039493784400e-01
8.491851278659752200e-01
3.806813553634863000e-01
-6.093225819992497100e-01
6.103985607266087000e-01
5.061023494597237700e-01
-5.549493686782395200e-01
3.327509540580914600e-01
7.624355715580520800e-01
-8.094339083880626200e-01
3.072958643155413400e-01
5.003858508453148400e-01
-7.185161998972516800e-01
1.460365369861488100e-02
6.953568895062907100e-01
-5.548699876986285000e-01
-2.994623315202592000e-01
7.761711207921707700e-01
-4.362880924110711900e-01
-6.197172753717251600e-01
6.523827090183752500e-01
-1.586034066355506400e-01
-8.387829264398735100e-01
5.208533015317844400e-01
2.471809099379466700e-01
8.855606873003253300e-01
-3.932986992991763800e-01
3.447453941616769300e-01
6.636722177572099700e-01
-6.638447111949725700e-01
6.114181360327648500e-01
4.171751951750610800e-01
-6.724081494604815500e-01
-4.227077090089536600e-01
1.301392054350967500e-02
9.061726273820508400e-01
-5.838797915484375000e-01
8.064753420328657500e-01
9.317677668993240600e-02
-8.164499938995645200e-01
5.349280780166600900e-01
2.173967773698662600e-01
-7.824331611682597800e-01
6.075009446115678900e-01
-1.368975916526542200e-01
-5.142542698580575600e-01
8.149153863837442800e-01
-2.673115391594401100e-01
-6.707383253774675800e-01
5.654476956382379300e-01
-4.799781269675079700e-01
-9.610985415499596600e-01
2.030951133162060600e-01
1.871950009418464900e-01
-9.443329806998850300e-01
2.836883746932528100e-01
-1.666017035518279300e-01
-9.959820626447917200e-01
-8.276588122320931200e-02
-3.419853498575616700e-02
-9.110300391964392100e-01
-8.430253715219833400e-02
4.036302143192910800e-01
-7.564743238034300500e-01
-4.222405441442704800e-01
4.994592278723998800e-01
-9.133111152054116400e-01
-3.673073155220630300e-01
1.759208424440467700e-01
-8.983590579058241500e-01
-3.960086275516411800e-01
-1.900741170786428800e-01
-1.453015173549301600e-01
9.189317086706720900e-01
-3.666769475355031200e-01
-7.448580601906868700e-03
7.524444298176530300e-01
-6.586136186592287400e-01
-3.621365099165342300e-01
7.257746588900997300e-01
-5.849002416638511300e-01
-8.277036600845983900e-01
2.390407833744610000e-01
-5.077067608041904200e-01
-5.727471579420091400e-01
3.388371594239078000e-01
-7.464248605605848800e-01
-2.533295804078844500e-01
4.868475226345151400e-01
-8.359447430273131400e-01
1.082524046898356900e-01
4.807547799218907500e-01
-8.701472625142956400e-01
3.810357707515356600e-01
2.419144072921967100e-01
-8.923503577363817200e-01
6.626697725804359100e-01
6.518689072786558500e-02
-7.460693277339758300e-01
1.817704212803953900e-01
-4.821719808218008500e-02
-9.821581419286058400e-01
-8.835999703987296200e-02
1.945797587752320100e-01
-9.768987810403319000e-01
-4.159535694985213000e-01
5.366701825669566200e-02
-9.078009028266464900e-01
-1.528797639052246500e-01
-1.889657197043366500e-01
-9.700101724027975200e-01
-4.719819558563715400e-01
-2.967364204422211500e-01
-8.301689768529846300e-01
1.483763510696248800e-01
-4.023216679207276000e-01
-9.033945616200859100e-01
4.716124580858067600e-01
-2.247797678753019300e-01
-8.526756389930397800e-01
9.139949397789030900e-02
-7.119750465693903700e-01
-6.962310432342844200e-01
-7.051411989701920100e-01
-3.807270738487722500e-02
-7.080440370960451300e-01
-7.461488941587946000e-01
-3.656018333235213100e-01
-5.564145282216201900e-01
-9.167768831596639900e-01
-9.235352254791473500e-02
-3.885755697120493700e-01
-6.824619177775868000e-01
-6.494691724621596300e-01
-3.353140689035520300e-01
-6.062143815548071100e-01
-7.160340684536880000e-01
3.461204073870567400e-01
-7.552691305795727900e-01
-6.550935673732756200e-01
2.051727027973184900e-02
-3.349365885487216000e-01
-9.177893304325985800e-01
2.132609354650467400e-01
-4.895467459091495900e-01
-8.648638359378507700e-01
-1.111509282760564800e-01
-3.125532502969933200e-01
-8.480563019766174100e-01
-4.279146812234064200e-01
-1.467859355253097200e-01
-9.843511306703191000e-01
-9.750251627534482800e-02
4.319044153489706700e-02
-9.157519592284009100e-01
-3.994157419648929900e-01
-4.827131777455198100e-01
-6.029921724238205300e-01
-6.351286704490861600e-01
-1.877561657412307200e-01
-5.229278192391199100e-01
-8.314409889414701200e-01
2.372022170370859500e-02
-9.745093207260059300e-01
2.230895221664737100e-01
7.433140077770990000e-01
-2.637516840160294400e-01
-6.147514416583791400e-01
7.446216407089791800e-01
-7.330198461726106200e-02
6.634496448405400300e-01
