-7.964118307923326900e-01
5.343426353183982100e-01
2.832068923154842900e-01
8.262402520135009300e-01
-1.032207156208725900e-01
-5.537802179740455300e-01
-3.800839142250719300e-01
8.928568109815807600e-01
2.415428186288096100e-01
4.544512566887511400e-01
-5.313721895138668900e-01
7.149249271813467000e-01
-4.532252848447062600e-01
5.376394714831329600e-01
-7.110067790680849600e-01
-9.030520536926165400e-01
-3.235837968444351700e-01
2.824721486116587600e-01
5.725328290629144700e-01
7.641259698814665300e-01
2.971828760173167400e-01
1.241390512737212100e-01
7.900214026551146700e-01
-6.003796126582796600e-01
8.927139914674172600e-01
3.627532292498330500e-01
-2.673421480184717800e-01
-2.239916345714124800e-02
-3.619794219377062100e-01
-9.319169359819922100e-01
-3.311118957507930800e-01
8.921593951807026400e-01
-3.072727226473559400e-01
9.919814545396838900e-01
-1.233288693955933600e-01
-2.761854128910489600e-02
2.209290829720931800e-02
3.619416671368710900e-01
-9.319389105478714800e-01
-4.542162932235023800e-01
5.314011555526290100e-01
7.150527049439308100e-01
-8.264221943106937500e-01
1.031982859736620800e-01
-5.535128458516536100e-01
-5.341150208019162400e-02
-4.282206110670092000e-01
9.020944073116378100e-01
-8.195281821712106800e-02
-8.397254738391838300e-01
5.367912668550317600e-01
-4.136313237068442400e-01
2.539408784530721900e-02
-9.100902528601373400e-01
3.310109062006609300e-01
-8.921718450618813000e-01
-3.073453738957133700e-01
5.712702648360412600e-01
4.036294784376484000e-01
7.146562311001781700e-01
-7.767662827382223500e-01
5.707480038551414600e-01
-2.662345922235042600e-01
7.766787531548838800e-01
-5.707587944063494700e-01
-2.664667202589953200e-01
-1.243363392793890400e-01
-7.900457241044667200e-01
-6.003067787047300400e-01
-7.807356317165193800e-01
9.651668897550372300e-02
6.173624560316357500e-01
7.809384711622384700e-01
-9.649168315069987800e-02
6.171097627987510700e-01
-5.724351312307599500e-01
-7.641139257996763000e-01
2.974019652454058000e-01
-1.088188103329352400e-01
-9.940250604269710300e-01
8.523248258812376700e-03
3.801632767413808400e-01
-8.928470272574546800e-01
2.414540721022993300e-01
-5.560439344052654500e-01
-4.602028233181640300e-01
-6.921188513695487600e-01
5.558164535085663400e-01
4.601747797222604000e-01
-6.923201875698332700e-01
5.514310888612769000e-01
7.950772813624381600e-01
-2.525388502757169900e-01
4.133322228017181600e-01
-2.543096067744172700e-02
-9.102251039346328500e-01
4.529916090902194000e-01
-5.376682787743219900e-01
-7.111339002562823100e-01
-9.919904779494556100e-01
1.233277569995159500e-01
-2.729754588015479600e-02
-5.710353771391721800e-01
-4.036005217395290900e-01
7.148602778914936500e-01
5.370794744711067400e-02
4.282571565273001200e-01
9.020594571668599800e-01
-5.515140444640624900e-01
-7.950875080383310600e-01
-2.523254115627063300e-01
9.031448302884324000e-01
3.235952342415973600e-01
2.821622581058713100e-01
7.965048603128349600e-01
-5.343311667409574900e-01
2.829668032601679300e-01
1.088215987956037100e-01
9.940254041855960400e-01
8.447216655880622800e-03
-3.376266988157143300e-01
4.226525449402825800e-02
9.403307186885676600e-01
8.212921142668099000e-02
8.397472194009465400e-01
5.367302862134852900e-01
-8.928017962587917500e-01
-3.627640537283868800e-01
-2.670340688369614600e-01
3.379356973893569100e-01
-4.222716148815463400e-02
9.402214267195906400e-01
