6.955703112987244900e-01
6.087970189602351900e-01
3.815077086310665300e-01
1.796150688780239500e-01
-7.233108629752695900e-01
-6.667531946184536200e-01
5.894121922614297100e-01
5.359979591629475700e-01
-6.044000789102619300e-01
4.860474262202880100e-01
8.592948965746867200e-01
-1.592801939518284400e-01
2.287276883132665100e-01
9.141060832957762500e-01
3.348039920319419400e-01
1.281640750405783300e-01
6.764428775499065100e-02
9.894433890845464300e-01
6.199961613502983400e-01
2.017263770194332200e-01
7.582290081007904100e-01
-6.292681785069167400e-01
7.759468629992711800e-01
4.390928512487655300e-02
-9.693721741257083100e-01
-2.394894363887586400e-01
5.442791461182700000e-02
5.330797494640920900e-01
-3.066910911289675900e-01
-7.885217532404698000e-01
-1.286045300935616500e-01
9.876264330485577900e-01
-8.974911466525392600e-02
-1.838298990778192700e-01
4.483583760152493000e-01
-8.747464403254278100e-01
6.513853936799510700e-01
-6.613445773501197600e-01
-3.719145317273940800e-01
6.858273938846414200e-01
-7.028569930972622400e-01
1.887666100020769800e-01
-8.366788621009837400e-01
-2.459911326219581800e-01
-4.893432786753788000e-01
2.223575821884243600e-01
-8.590720872821271400e-01
4.610338973394987900e-01
8.582765905149422100e-01
5.412797239443691700e-02
-5.103248541649851900e-01
9.450166596087775700e-01
1.132892068406701600e-01
3.067720141656991600e-01
2.596869987025360300e-01
-4.582839166728224800e-01
8.500226552415451900e-01
-7.322830533681150600e-01
4.621429286685792000e-01
5.001854088550554700e-01
-4.898898417304470800e-01
-2.031419179911802100e-02
-8.715476329959632700e-01
8.782130001922321400e-01
4.612039033295466900e-01
-1.266210324035815000e-01
-7.879983189728457800e-01
3.100250408662786900e-01
-5.319239826627782900e-01
9.533118844037846700e-01
-2.911657071819867000e-01
-8.011854976045718100e-02
-2.783560556637051900e-01
-9.343775761854974400e-01
2.223880648709802000e-01
-7.101616605570108000e-01
-6.844033718677858800e-01
-1.651134169318597400e-01
2.715562055258654600e-01
-9.584237281069065700e-01
-8.764236784827610100e-02
-4.472160396787328000e-01
7.516014163544964000e-01
-4.848640271127415100e-01
-4.271199397242110800e-01
-5.539569692101387100e-01
-7.146329360962197000e-01
3.058067485661676300e-01
1.836753424381774300e-01
-9.342085426239727900e-01
2.104106193842864300e-01
5.823123529586635700e-01
7.852640924186372600e-01
1.061251772272733800e-01
8.160916807015685700e-01
-5.680949000371056100e-01
7.379594029364753300e-01
-3.202471784955939200e-01
5.940182356487486700e-01
-2.427389613565153800e-01
-6.613240863675775600e-01
7.097381555402309000e-01
-3.116784444865300900e-01
3.962482238150603600e-01
8.636225404456897600e-01
-9.482043171214514800e-01
3.176310139614708100e-01
4.371723007004388500e-03
-2.287276883132669200e-01
-9.141060832957762500e-01
-3.348039920319418300e-01
-8.165018919412133600e-01
-8.672760065702002400e-02
5.707915414060508200e-01
-3.135124215737635200e-03
-2.824397095149024900e-01
-9.592799286367298400e-01
-2.989574452687003300e-01
8.164418068034551300e-01
4.940113581912076700e-01
-3.785071980105754700e-01
-1.573933426681902200e-01
9.121182142342717500e-01
-6.973167053280103800e-01
-6.023695410957723400e-01
3.884589404693338200e-01
