0.00000000000000000000
0.00000000000000000000
1.00000000000000000000
0.33198579735369521508
0.00000000000000000000
0.94328438466638003343
-0.87875225968725963293
-0.33806606305509417591
-0.33690622301311695618
0.19305004959913321942
-0.51723042972703010780
-0.83378915854918860493
-0.35258392150865397621
0.93050201057998508899
-0.09925012141143530877
0.74560648488435017421
0.62792275837953181023
-0.22312323771280168700
0.18825998686321011889
-0.97976251461035723927
0.06799700221813804868
0.36354685520172053617
-0.68608199623794307875
0.63017868776331868352
-0.69639082289816323533
-0.62018074294795484023
-0.36113109511608358650
-0.87034316199494783360
-0.03866885405996727459
-0.49092514713989234122
0.25133318721697732313
0.89477291116104959726
-0.36907054400986306801
-0.04383398621029401274
0.97292123505232718347
-0.22694239805988230853
-0.61906614949715328347
-0.73273474635168418925
0.28258962124554626882
-0.15229268411152680280
0.89313268362443747744
0.42322682784520782685
0.50204714354949119950
0.49365850561338210478
-0.71010558756382065664
0.98497830553043593389
0.01079117243019785701
-0.17234061689564923407
0.15038780372065744560
-0.80773066748014214081
-0.57004796052977950991
-0.97041564592371683844
-0.20560884835715457977
0.12656411665120585617
0.87377791638386710257
0.11644662501098765515
-0.47217828874633591557
-0.45016645310541929179
-0.37272253025681604579
0.81143581381243161206
0.69948611112903826158
-0.44460252802297549700
-0.55950672240211200465
-0.37259742902334127676
0.45271860575921906730
-0.81007223127609116924
0.85911349025056483602
0.50697582687096338148
0.06999658447378416337
0.08509172692857706742
-0.59725732586882878579
0.79752309352414876240
-0.09248405635687363032
0.99002762262717238957
0.10626384970895680379
-0.76854290305974078687
0.16883281040672521185
0.61712015708990794110
0.91626766506212335567
0.33766830823767666197
-0.21548475485172939317
-0.13993485579275539550
-0.89508299606569900370
-0.42337296357740253510
0.46876593228134513068
-0.02495966359002723874
-0.88296971404792476025
0.24879763968232481907
-0.88814635946322548405
0.38638811920234185066
-0.42469109641438236561
-0.74231289105730308467
-0.51827506634652825434
-0.08489149001559905395
-0.96075093978079644531
0.26410427227375154396
-0.09316448134234137278
0.31968881382787919102
-0.94293130276257990225
0.16453909619821307944
0.93417208745917878892
0.31662185147970377856
-0.11893885758455477363
-0.99045590711505087423
-0.06964656644359944625
-0.63160460683635949735
0.47648281883581747144
0.61158788736972324765
-0.37527937534298314477
0.13344480660761365886
-0.91725562087764660612
-0.33908871714978431610
-0.83024916911229167612
0.44238575823602511769
0.47874178210820012978
0.28178013823020322493
0.83150842434868463157
0.50369022752606883241
0.85068610337691065671
-0.15043040987827257419
0.15218945143797826992
-0.95196578481191237953
-0.26570569323679721901
-0.83334244052419048362
0.29525308728916174146
-0.46729647042044377476
-0.38681891327182969233
-0.91434473818751818314
0.11976989640138930425
-0.17554066008630692123
0.28178013823020322493
0.94328438466638003343
-0.03568014581999231497
0.84258046065182408582
-0.53738728541157726983
-0.31921492581696995312
-0.09119430234524059659
0.94328438466638003343
-0.67627769693259995861
0.66800360546894805451
0.31051515214563116931
0.74222346540755434471
0.19115135351417665906
0.64231260881917867083
-0.38253254926397826273
-0.20289854932646988418
-0.90138838878411125825
0.52317334414370264996
0.71771443032320012432
-0.45953851686593060383
0.19992684484436540180
-0.30952446849151814417
0.92963641286022151755
0.20732179602319954171
0.45187396353838817700
-0.86765638012396490131
0.75425812668274280300
0.43043403686314611527
-0.49580360854146198966
-0.53486857751135566481
0.77521801256558847925
-0.33608427184984128603
-0.61569314604658208008
-0.08071104975261810044
0.78384161433231685419
-0.42587382195081398641
0.87636347583236205905
0.22498565732958923098
-0.41024471433263743970
-0.50655160276672555207
-0.75835661010938263152
0.88916297267534689621
-0.21319967490531581404
-0.40488900533776903134
0.43503561764871792271
-0.63942953980474420304
-0.63393522934294443254
0.71804803645237281548
-0.13196088904321924903
-0.68336911044457888809
0.79859534683999430106
-0.24558499373823353774
0.54948474306035194808
0.72128446499956457280
-0.63299646845756871289
-0.28118355476545588028
0.25040260730311841110
0.71110753907070896908
-0.65698143210641835246
-0.82991392962877293187
-0.47065293508276919047
0.29954746553109538883
-0.89909036389107520213
-0.07929880071906824527
0.43052086797591063794
-0.24479049881343081195
-0.62925111356617284430
0.73764534009671827796
-0.85084836680929907276
0.52168968973969518312
0.06242534995696086921
0.65184780775815479182
-0.54769935371903534266
0.52451868742365955876
-0.63157010355365921879
0.25151164426286717787
-0.73339013976014779990
-0.54337177928119984796
-0.60302279954937139291
0.58404675558076828020
0.86243139928197281382
-0.42646730152015602120
0.27264944941564564275
-0.40488802919822457557
-0.88859574972646568036
-0.21555342117451537054
-0.34128698227717302733
0.71867796007719922130
-0.60582603561370340481
0.31662708877136793136
0.56810269077417973150
0.75960951770716052227
-0.84644814719216878605
0.38340742039851442441
0.36949192697310910326
-0.87364781120681309399
-0.48536437854824698754
-0.03407230561641910318
0.61194082701767311359
0.50029923902048331835
0.61255946296212874140
0.46634408954857195480
0.86526181182267428017
0.18397061489394578024
0.66304554252382414936
0.19807153059093831575
-0.72189907695511752098
0.61534631431694812860
-0.08709142370745559223
0.78343091423121421307
0.68740659295272848643
0.65139793316373758108
0.32117426521303464859
-0.42847530150476579970
0.73223775260874579685
0.52937396012166411698
0.10437305148358946263
0.78394644950583245837
0.61199201827409747939
-0.73757428856655835869
-0.32792721897661958210
0.59029476357138345318
-0.78449576544442763359
0.56043024223760134532
-0.26548886527548581739
-0.02684688756864439084
-0.82233073711139630234
0.56837611088935132290
-0.68942440168330257074
-0.38964375716154611799
-0.61063224355470645730
-0.12014635941398336911
-0.41404755574328295408
-0.90229123563435931486
-0.13130254624006243287
-0.36970779976304976413
0.91982377885399384115
0.22023571051474277328
0.97528217391940977844
-0.01791404613973505498
0.48433271500240364194
-0.35131884839958870053
-0.80124708295106276917
-0.65795627433101217927
-0.08391453214307724104
-0.74836614859550020950
-0.94805724032104437616
0.27997136648550855710
-0.15100828792845300461
0.97489138424892889111
0.19331379818632752209
0.11052856801742758315
-0.09996952596932349863
-0.04473607957120337399
-0.99398429417273375484
-0.13237882611612510911
-0.69083251506283605211
-0.71079271417768001199
0.49394374879671278723
-0.86925931796835858117
-0.02019433459745498173
0.55426496250960310443
-0.77713104471390570206
0.29809007141483555538
0.98108113675315855854
-0.14823960272455039233
0.12451836527676416189
-0.49163665391629117592
0.22721039886107830402
0.84063597066470016911
-0.34356835820125570051
0.52350659649939208778
0.77968046446253630287
-0.01230857152598881871
0.55619681661294819180
0.83095944561489406997
0.19437497513287771364
-0.20470970927267085314
-0.95932909054796818841
0.16114832242040591797
0.29025124948164768273
0.94328438466638003343
0.91560101778177003518
0.03300652052803315337
0.40073101432210030267
-0.62472694009101387546
0.54212788633289901249
-0.56197295769880430099
0.18542474331602936143
0.13293454233319877291
-0.97362522154104430739
-0.98325350597379712482
-0.05419002692373374669
-0.17399995394321549483
-0.66256912033777685919
-0.74725775976654164291
-0.05106859351415608622
0.45060094926346718620
-0.82096460115616496670
-0.35067920977919585030
0.75200336651165910836
-0.65699687663755880967
0.05334829747633593809
0.48688204137903632988
-0.39836463987865208051
0.77733615088771871395
-0.07459916041773789673
0.61610983369555294872
-0.78411965801694239618
-0.97780134813377093310
0.12944343986489615206
0.16476929162839510194
0.91450787227501281592
-0.38936224547430545652
-0.10987444355370153978
-0.63735980859608467295
0.77042125012418147313
-0.01495231565529964043
0.85309102350069313304
0.36305978392509707755
0.37473096872129698360
0.42203778922547177419
0.75603645850284943643
0.50029289209436654051
