-5.960455576022042300e-01
6.783213570093733500e-01
-4.296624604124030200e-01
-1.528625338042135800e-01
8.481998633843189600e-01
-5.071390711765150200e-01
-9.422424683280201900e-02
7.314436637758786600e-01
6.753606133251410800e-01
-8.333500204743448100e-01
3.742215701724293000e-01
4.067996555960815000e-01
-4.694554816624356100e-01
7.962224559247257400e-01
3.816298618010505700e-01
9.443018648292977900e-01
3.282766183414800300e-01
2.298803885052215500e-02
-1.592704953887115700e-01
-6.610220409586332600e-01
7.332685528955388300e-01
5.307296148866954600e-01
-9.176970632141767700e-02
-8.425582453954745300e-01
-7.564396158203856600e-01
6.536576662312501000e-01
2.303829409099337000e-02
7.534836640456703500e-01
-6.340485545193048600e-01
-1.739103174866051800e-01
9.242421354568035600e-01
8.606780919224361200e-03
3.817098353048507500e-01
-1.861531763446793200e-01
5.052702889233827700e-01
-8.426440114710767000e-01
2.776760490652640000e-01
-4.909812677932931500e-03
9.606622223835872300e-01
3.127869323549736800e-01
7.524010907415429300e-01
-5.797041776621086900e-01
-6.090821387488678500e-01
3.047441517771581300e-01
-7.322226097401838300e-01
-4.928928751214889900e-01
4.687460596643725500e-01
7.330305213315452300e-01
-6.139712325228646700e-01
-7.851234337827861500e-01
-8.136657396917719400e-02
9.620500131232182000e-02
-2.606494955739778700e-01
-9.606281477135297800e-01
5.685233885336684600e-01
3.748061485158760700e-01
-7.323260938440543400e-01
-6.582897802728007200e-01
-5.566270886694881800e-01
-5.067749494082335300e-01
4.952573637882848300e-01
-6.473212885551510300e-01
-5.793921754707924700e-01
9.868969856715262800e-01
-1.391761973618528000e-01
-8.163532176913458600e-02
6.804999066349642900e-01
-2.838422933518703900e-01
6.755393619727541000e-01
7.407236406013374400e-01
5.347594796459794700e-01
4.066457760546173800e-01
-8.081730173801757700e-01
-1.054841032553429500e-01
-5.794216754135440600e-01
-9.949453543895193700e-01
7.505027359011121100e-02
6.671730070051866400e-02
-1.431768284526771500e-01
-2.376228832346488600e-01
9.607475012496702300e-01
-5.420425814474900700e-01
2.548707833239135100e-03
8.403471568263452000e-01
3.470386645279646100e-01
7.962792524589726900e-01
4.954831151775270800e-01
2.731526172470002400e-01
4.684952882309901300e-01
8.401784409257806500e-01
4.039611294250670900e-02
-6.800611283799568000e-01
-7.320416762218638900e-01
8.539388946126004200e-01
-4.511327939995242200e-01
2.593599168067282600e-01
-3.729438771357508900e-01
9.242427054381338000e-01
-8.178194147458929500e-02
1.723059569237432600e-01
9.695107060203702600e-01
-1.742402023658043400e-01
5.160339711139870800e-01
-6.984792317177924700e-01
4.958182161994971200e-01
-9.258282706959162200e-01
-3.355835465879516400e-01
-1.738553894466936500e-01
-3.619596396479637900e-02
9.651729791437386700e-01
2.590964540927943000e-01
-3.447635855606898100e-01
-4.140883934520838700e-01
-8.424184663690660300e-01
2.690766152921789700e-01
-4.704577428732412700e-01
8.403971009430720700e-01
-1.878571103645551900e-01
-9.819181445832755300e-01
2.337655713780370500e-02
-8.885506268202582000e-01
3.070701195860387500e-01
-3.408602723033916600e-01
9.271674478857214200e-02
-9.086972222788867200e-01
4.070294380735212700e-01
1.782382925497212300e-01
-9.231394970571087400e-01
-3.406531667871421900e-01
-2.737448039070031200e-01
4.661206156801030200e-02
-9.606722115530856900e-01
-2.895549703906230000e-01
-8.554735479482638000e-01
-4.293284615337017400e-01
8.110397084615738100e-01
-2.919264581611895600e-01
-5.069452971712320500e-01
4.324980758654152800e-01
-8.991540878524416600e-01
6.683816777079672200e-02
-8.629625309346014000e-01
-9.745419240745446800e-02
4.957805467998497300e-01
7.102366228389046500e-01
6.158315751202381200e-01
-3.410504517858233800e-01
5.624620854406555700e-01
8.241503213681745700e-01
6.642778206807277400e-02
1.773264137435152900e-01
2.133672000749181600e-01
-9.607443889615248100e-01
8.855051155994233500e-01
1.768525097552082200e-01
-4.296555364946854100e-01
-1.342858317614273000e-01
2.432029298436104700e-01
9.606350245039089200e-01
6.523262090700477900e-01
1.927874416048463400e-01
7.330099039711253100e-01
-4.547018518688423800e-01
-8.045628821230032000e-01
3.820010400731546100e-01
-8.176853302764971500e-01
-5.138592678981640500e-01
2.594982725294690500e-01
-5.861256108906998100e-01
-4.471300811732826200e-01
6.756711173107652300e-01
