-8.188321357350823700e-02
-4.047369302859928400e-01
9.107596590745259400e-01
1.649943409604841800e-01
-8.327957456640463500e-01
-5.284203946242807000e-01
9.172154848286460900e-02
-9.875649575836411600e-01
-1.276816826985242600e-01
9.143012769686023100e-01
-3.096388140321472700e-01
2.611072189318954200e-01
8.063798716724414100e-01
-5.887712827664709500e-01
-5.567655836221842300e-02
2.779033899515499000e-01
9.605926798285409100e-01
-5.604401240022044100e-03
5.647437245935326100e-01
-7.267185178404838000e-01
-3.910814766259773100e-01
-2.669015093744774900e-01
7.493546486211807300e-01
6.059960353694177100e-01
3.643818135548141900e-01
-5.797393193184905400e-01
7.287854386488783500e-01
-4.374532637826401600e-01
-5.543620327828334700e-01
7.080376957583547300e-01
2.888251710162544300e-01
-8.657318326388465700e-01
4.087644976550868800e-01
-5.402415536854764400e-01
5.063081326311643600e-01
-6.721541032405038400e-01
-6.763327909568370200e-02
2.210377329732318400e-02
9.974653692057614500e-01
-4.631529970611539800e-01
8.554705674130695900e-01
2.316450077235234500e-01
6.046296616077627700e-01
8.112391387481883400e-02
7.923647410768056600e-01
8.520392356336308200e-01
4.409114479626781700e-01
-2.821812112744440700e-01
9.810247579038755500e-01
1.877769880428800400e-01
4.827242630308199000e-02
-8.082869912358039400e-01
4.882801943086240700e-01
-3.290206553469005000e-01
4.378043127122253600e-01
-4.976647467106497000e-01
-7.487704479024268600e-01
-2.655695719447455100e-01
8.099522866537678400e-01
-5.229245603348703400e-01
6.376186034845261500e-01
3.882465446400395500e-01
-6.653624103190023400e-01
-5.495687394003946300e-01
-8.313285949595885500e-01
-8.286717007583686800e-02
6.597308631235930800e-01
7.513857546144623300e-01
1.321499166303507500e-02
1.498370701832778300e-01
6.830491767521276200e-01
7.148375161791189500e-01
-5.516018625902037200e-01
2.599944517688636000e-01
7.925517460938599200e-01
8.675278496960409100e-01
6.022577785887045500e-02
-4.937289597370782500e-01
9.679026860408337400e-01
-1.967471063776667400e-01
-1.563808379788088900e-01
-7.852534721958265300e-01
-6.272299745610691900e-02
6.159892937336815000e-01
7.782067203797909900e-01
-3.659898657839050200e-01
-5.103388271523234800e-01
-7.694388499712054900e-01
-4.616872077884372500e-01
4.413714742929194000e-01
1.480317042975692600e-01
8.969142051450417200e-01
-4.166911603715572900e-01
3.019255551632066800e-01
-1.994479166181903100e-01
9.322346741545569600e-01
-5.117068598051292000e-01
1.104019016371126100e-01
-8.520372701609263400e-01
-8.477800601108643800e-01
-5.300368416283637300e-01
1.816359532273822600e-02
3.202372993709645100e-01
2.304228934704701000e-01
-9.188870236630223300e-01
-7.157854942085034600e-01
-5.761515058426380800e-01
-3.945891136308111200e-01
-1.367448042560939500e-01
5.338098323953322000e-01
-8.344746379291763100e-01
-9.339250116675578100e-01
-2.149697654050513100e-01
-2.856082501319759400e-01
5.958001646126025500e-01
-9.377615067770220200e-02
-7.976391398443714000e-01
-5.010249892064250200e-01
-7.921892423860479300e-01
3.484396137618701000e-01
-7.976744627030980500e-01
5.958507609650323100e-01
9.315214548638167700e-02
-3.192222874476641900e-02
9.531615233638728300e-01
3.007724749551199900e-01
-8.267528884905157600e-01
1.136910291019870200e-01
-5.509573588530423100e-01
-4.485547389622975800e-01
-1.542365473823548700e-01
8.803463713823302900e-01
2.768803976596161400e-01
6.238045271291300400e-01
-7.308933966900066400e-01
4.856483799044458100e-01
-8.739245306974374700e-01
2.003910530564917100e-02
-5.461431140146911400e-02
-7.552130179629233900e-01
6.532002560390469700e-01
-6.638930859578232600e-01
-2.678695323791974700e-01
-6.982061902048337700e-01
4.177362207900978100e-01
8.219548659628859200e-01
3.871519703681500800e-01
5.499850589145185400e-01
7.287756471668175300e-01
-4.079246144416634500e-01
-9.046029980663005100e-01
2.544389125732863800e-01
3.419857535892166800e-01
-9.667820128992535800e-01
-1.541809997580391200e-01
2.038645600590725800e-01
-9.769893859039788200e-02
1.274611578707927100e-01
-9.870200457095826800e-01
1.367945805387300900e-02
-5.572479294812026100e-01
-8.302334716911051700e-01
-1.560561461866004100e-01
9.809080427218894700e-01
-1.160426256204940300e-01
5.460022302287224100e-01
5.081490407617840200e-01
6.660826652587049600e-01
-1.090917433872873200e-01
-9.599401953241950600e-01
2.580965186236893700e-01
2.027892386815139400e-01
-1.871069395595986500e-01
-9.611802733325380800e-01
-6.502613390614103700e-01
5.698471910808592400e-01
5.024284722617902200e-01
-5.504218770817124200e-01
8.122429109866712300e-01
-1.931248580109327900e-01
8.128768540249139400e-01
4.851082196048470100e-01
3.223371456447026200e-01
-2.898381129502467000e-01
-2.581761597444884900e-01
-9.215958652365083800e-01
8.851157788028409800e-01
7.760548630932026500e-02
4.588544939400009400e-01
-9.815967001646553900e-01
1.699947677573000200e-01
-8.700400658016449500e-02
6.999279169617505000e-01
-3.160666952106340200e-01
6.404707294140874500e-01
-1.627405790915294200e-01
4.327177128604432500e-01
8.867191691250284600e-01
6.670110265513666800e-01
-6.568816946190362300e-01
3.515717988310714800e-01
-3.944855838625153100e-01
-6.102268351732076400e-01
-6.870257155006217500e-01
2.531100462939004400e-01
3.061433126065241100e-01
9.177208598541301000e-01
-2.436714809181241600e-01
-8.889235202484068200e-01
-3.878649050073345600e-01
