-3.824026811389319400e-02
-8.794237310883075100e-01
-4.745014047326918700e-01
4.341657717264397800e-01
4.921865420883286300e-01
7.544882308216073200e-01
5.380435329551093200e-01
-3.078583934394419900e-01
-7.846861577943566900e-01
-9.803360776589671300e-01
-1.361780684161342200e-01
-1.428170456307024900e-01
-9.686216630699298100e-01
1.395625730789232500e-01
2.056559311744589900e-01
-8.562108666897638700e-01
-1.919442172299425700e-01
4.796460874794540300e-01
-3.009226774463029100e-01
1.147179057692635200e-01
9.467234782630368200e-01
-5.337748072227677100e-01
-2.738721105333103400e-01
8.000490748987386700e-01
3.260380589477764900e-01
8.186305492577996600e-01
4.728035616822695600e-01
-3.021845322870694300e-01
-1.931879774862221000e-01
-9.334682178849090800e-01
-5.949144323798940500e-01
-4.185382545581344800e-01
-6.862233948340282800e-01
-4.668795913862670600e-01
-7.665064362604885300e-01
-4.410117122234262200e-01
-6.098518040050968600e-01
-7.922400435547378700e-01
-2.089235602118758700e-02
-5.503489343484391200e-01
1.576991284913365200e-01
-8.199067235573875800e-01
-1.979839420012379500e-01
-5.964583998304474600e-01
-7.778430021420471600e-01
1.979060965377792700e-01
-9.745480832142474600e-01
1.053053201724178700e-01
6.071153292497684100e-01
8.176680019542426100e-02
7.903955765158018300e-01
7.393337584826279500e-01
6.391869824954212700e-01
-2.117205587002581600e-01
5.939040309686429700e-01
-3.571012262032730000e-01
7.209415484235293100e-01
8.722298553135379200e-01
-4.806293276648562800e-01
-9.061196879084444700e-02
3.432915695141780500e-01
9.381505309377097300e-01
4.499421742608381000e-02
9.274433335163790900e-01
3.646429184982568100e-01
8.297231529311570300e-02
-1.010459201762589600e-01
2.011166752810741300e-01
-9.743417290353627600e-01
-7.850993679591614100e-02
7.584811367722242800e-01
6.469486494189592400e-01
2.065483265306417300e-01
-5.591984788839787800e-01
8.028915555797283600e-01
-6.931648803687229200e-01
4.744316828320044300e-01
-5.426205183630697900e-01
-1.507738833279067100e-03
7.934631268501005600e-01
-6.086164580857734700e-01
-2.083535073070752800e-01
-9.751638585752319100e-01
-7.512832303136893200e-02
-1.133102229311438700e-01
-2.882563924688927300e-01
9.508254548444283700e-01
2.093235385699119000e-01
1.635523037961479600e-02
9.777096515018149900e-01
2.476242443672763500e-02
4.149632336225920200e-01
9.095011473755806300e-01
1.207262647372170400e-01
-3.300914321361652100e-01
-9.361969960606020300e-01
8.121269081214751400e-01
-4.671315923859168900e-01
3.496254574541888300e-01
6.589834205372180300e-01
-5.915578783826390700e-01
-4.645429237223389600e-01
-2.661254530669075500e-01
-6.378530805663599200e-01
7.227175733590113200e-01
3.809670560129662100e-01
8.397609702326949100e-01
-3.868664047273379600e-01
-4.590617303318860200e-01
7.836153055044853300e-01
4.185801962871715800e-01
-6.442814118240262100e-01
-5.823680058810976100e-01
4.957307415362836000e-01
9.160647965810174700e-01
-3.778530093337397600e-02
3.992462391787221000e-01
9.047548748096567700e-01
2.489196207031629800e-01
-3.456264442098664300e-01
-5.198323330118993800e-02
9.662625019514005100e-01
2.522588368683522700e-01
9.976484807884472600e-01
-5.751015813734551600e-02
-3.728391733067687500e-02
-8.734288545674354600e-01
-4.686681412900618500e-01
1.321824850301148400e-01
-4.109511851255879300e-01
8.008111678757549000e-01
-4.356840562257751600e-01
4.800179980247911100e-01
-7.248907904181813900e-01
4.940810293253284900e-01
-3.513343856034262800e-01
-8.747880203868616500e-01
3.336316365099372700e-01
2.148107563673868100e-01
4.866995799784879000e-01
-8.467466314061337100e-01
2.839267309323436600e-01
-6.637446804818319900e-01
-6.919744291475974400e-01
6.754028808530817600e-01
7.027430868570329100e-01
2.235690103972521900e-01
-8.294853794132477400e-01
-6.455517481651704100e-02
-5.547852149652778800e-01
-7.713584436529715700e-01
4.675443449571992100e-01
4.317504335884436700e-01
-4.216521872972962000e-01
4.984104405019964500e-01
7.574935417190116200e-01
5.625251916304956800e-02
-8.581737364505167600e-01
5.102680591163529800e-01
-4.132082540746646600e-01
9.106231534217373900e-01
-4.940770872859117200e-03
-6.814744711052636000e-01
1.398520746468960600e-01
7.183550253522001900e-01
6.029913797268343600e-01
-7.944371065259786500e-01
7.260220209993381600e-02
-9.305069262584752000e-01
3.004955315925463800e-01
-2.094261103060401600e-01
7.802154879370962700e-01
3.727289373114897600e-01
5.023314958010561800e-01
8.751672907814728200e-01
-2.040005123587114700e-01
-4.387094757394696100e-01
6.973852047055227900e-01
1.002869731194363100e-01
-7.096452629873446500e-01
-2.207688558936206700e-02
9.785202439080067400e-01
-2.049652248184782000e-01
-8.039281852147773800e-01
-5.106429662349061300e-01
-3.048659279947357700e-01
3.215300695142589400e-01
6.640737598417596800e-02
-9.445678772926020500e-01
3.682758693826914700e-01
-8.817867152217089300e-01
-2.946609456458926200e-01
-7.663249280397050900e-01
6.420436022348119400e-01
2.293725123652016700e-02
-3.202703543326371200e-01
5.360624246219006800e-01
-7.810659236224151100e-01
5.921315085157155000e-01
5.215222828883175900e-01
-6.143246577127282600e-01
