7.623577990635768100e-01
3.083251657260023800e-01
-5.689869755864119800e-01
8.775183418402466900e-01
-2.953121248763028700e-01
-3.778257649168289500e-01
1.422040069486279800e-01
3.655422995039560600e-01
-9.198678425084305700e-01
-7.935130481616248900e-03
9.999685163565099600e-01
-3.685464294963838000e-16
2.771796259627252200e-01
-7.416031098856175100e-01
-6.108979312120353900e-01
4.712279125067833100e-01
-1.833180383880957900e-01
-8.627506889455609500e-01
1.079649811379038600e-01
3.031323098395067300e-01
9.468127405032409300e-01
-5.137529514094382200e-01
1.829805860314377400e-01
8.381980732820156800e-01
3.992996357642775200e-01
-7.406340411636113100e-01
5.403896908233663000e-01
-7.211644647895408800e-01
-3.701365709250235600e-01
5.855943421761179400e-01
-6.587733062935752200e-01
-7.490302523612281100e-01
7.050824038866983200e-02
2.406265181878727800e-01
7.955510642607794800e-01
5.560551977082154300e-01
6.113022021013234700e-01
-7.887906858629050200e-01
-6.417843564625667900e-02
8.720432131220212700e-01
-3.574938620779444800e-01
3.342735003323127900e-01
9.805280292184503900e-01
1.948382739121349600e-01
2.455261566354529500e-02
-3.517833297458684600e-01
-7.964331358352396700e-01
-4.918767620619583500e-01
-7.623577990635767000e-01
-3.083251657260029400e-01
-5.689869755864119800e-01
-8.775183418402466900e-01
2.953121248763026500e-01
-3.778257649168292900e-01
-1.422040069486278900e-01
-3.655422995039566700e-01
-9.198678425084303400e-01
7.935130481616248900e-03
-9.999685163565099600e-01
2.648737386723612200e-16
-2.771796259627251100e-01
7.416031098856170600e-01
-6.108979312120359500e-01
-4.712279125067833100e-01
1.833180383880952700e-01
-8.627506889455611700e-01
-1.079649811379037300e-01
-3.031323098395062900e-01
9.468127405032411600e-01
5.137529514094384400e-01
-1.829805860314371300e-01
8.381980732820155700e-01
-3.992996357642776300e-01
7.406340411636116400e-01
5.403896908233659600e-01
7.211644647895409900e-01
3.701365709250239400e-01
5.855943421761175000e-01
6.587733062935751100e-01
7.490302523612281100e-01
7.050824038866934700e-02
-2.406265181878725600e-01
-7.955510642607792600e-01
5.560551977082159900e-01
-6.113022021013235800e-01
7.887906858629050200e-01
-6.417843564625716500e-02
-8.720432131220211500e-01
3.574938620779446500e-01
3.342735003323127900e-01
-9.805280292184503900e-01
-1.948382739121350100e-01
2.455261566354549300e-02
3.517833297458685700e-01
7.964331358352392300e-01
-4.918767620619589100e-01
