0.00000000000000000000
0.00000000000000000000
1.00000000000000000000
0.34446792939436577385
0.00000000000000000000
0.93879808564928285972
0.33583506101933854870
-0.80066368964439674415
0.49613754935013564595
-0.82588805317751496968
-0.00899532216764535507
-0.56376236819936329772
-0.37382380427840407859
0.26401502175508975465
-0.88912981709224043100
-0.88889433063539268811
0.45388673011682473282
-0.06207821830653560319
-0.74547343186721018298
-0.59496374404354198007
-0.30047879401684006738
0.08517234071143016527
-0.94931844203000578354
0.30255605761488003015
-0.48857378973495614505
0.71902017503641298896
0.49427283950731997408
0.82086095526303533190
0.47202562469024132453
0.32152620695744934427
-0.42071607910005691817
-0.90273509572541748324
0.08981830399365144768
0.89921276182629097608
-0.30730742834003913803
-0.31141379779284958389
0.30237372139079532408
0.57163756670074208468
0.76275856268463897882
0.75877838951507191768
0.31567705391509994324
-0.56973972411654506513
-0.56348728769517678635
-0.73902394184908121090
0.36922308971647331245
0.71139692016290103613
-0.59616620338952400237
-0.37215625739581446563
-0.16939407986156141184
0.76028201297233895267
-0.62711793664236966953
0.96245372149137097504
-0.24125951900360201479
0.12440529923424126552
0.60304927029100262233
0.54059225254117954906
0.58659321006464336279
-0.80461116433070668868
0.11459636212116990896
0.58263929495269902447
0.58854236154909051622
0.80732140401836557118
-0.04301208290741762761
0.96434449456605611678
0.25012225694838049105
0.08647862382800787732
0.47510266423164016567
-0.58629501935932358202
-0.65615212315014859710
0.13442163850276185453
0.86287703673021741085
-0.48721047052163384821
-0.67989504260178092429
0.71394878872541914827
-0.16739133228166061205
-0.08146826622047119223
-0.52918931041265056821
0.84458368167045105027
-0.33810881772830495683
-0.67446196206778548853
0.65634098538643839939
0.25327511973913808500
-0.59235653702810480013
0.76483033854652809034
-0.45831554747834538448
0.77753160805281162550
-0.43057108288694151168
0.16702935383406020268
-0.77332119376790915969
-0.61161714023329350585
-0.81892724564923597895
0.50248173066279085289
0.27725489478723801634
-0.97085772867481773606
-0.16012161347660043188
0.17831528136989313686
-0.24680254409353738350
-0.88583311571467842788
0.39292263275635150676
0.59198124547229361810
-0.57304490954838115785
0.56672545085760856799
0.58841393060528673011
-0.76682178738229595243
0.25642424352127415879
-0.99382590682291463724
0.08898412429371029238
-0.06627135543576056402
0.93588235029140739096
0.02353093162540593192
0.35152599003469416747
-0.53725567402360672942
0.21184730046236307107
0.81638046400942819761
0.34571479202364747647
-0.93576588287453897562
0.06945138604866554201
-0.63262035961942975860
-0.13068824841978635612
0.76335579012669549220
0.88115382302991983255
0.00257135762160443818
-0.47282272394602455073
0.83085235327468623434
0.55620459195843406427
-0.01791141932588948369
-0.49553128968949971108
-0.83336854354576651507
-0.24483792918391745186
-0.40763771443919672193
0.91051750812915286766
-0.06920521047627808434
-0.00041362858744101086
-0.78475048763512937439
0.61981166580487843414
0.50871450595609106810
0.28478624956403844036
-0.81246928772052633229
-0.09405510580658481711
-0.99555087136293071501
0.00566565090889961256
-0.07919018564105138661
0.99674665929816165675
0.01500038919795974107
0.06334527982555931810
-0.21136994662470787682
-0.97535128091764442552
0.16679706622193431990
0.30139159424409536952
0.93879808564928285972
-0.16022263395143503825
0.78966924746360652787
0.59224250706946543135
0.16386482151488063691
-0.95965872783005660619
-0.22848073522617536030
0.33496844179173344323
0.92750218031592008891
0.16593929164858014905
0.22012054409019208185
0.96179986681740547792
-0.16275122813502480241
-0.07745574514954052195
0.10852341990236144283
-0.99107178088977246905
0.72918600528448500756
0.58730397406814573350
-0.35122900185066979521
-0.61672429674030823440
0.76805963621080122615
0.17243995196561587999
0.71751052853035288685
-0.33851249362224153902
-0.60875933923821286813
-0.20914620410409771638
0.27370790944013449072
0.93879808564928285972
-0.70509729894132126734
-0.70855927116624186736
0.02795636367657920372
0.18113853537396060652
0.33465714449131341844
-0.92476668768046386357
-0.30803424368755017206
0.91338373116149984748
0.26616736157037723744
-0.39767671143836759142
-0.37976091830289223013
0.83524539993304322780
0.64577769980205796547
-0.02698702403094224725
0.76304840146108454396
-0.70622814772342954852
0.53318869817968563300
-0.46578065169839962982
0.66479463916017537539
-0.02135094356148025563
-0.74672098199590367615
-0.16491786013582101301
0.93289029199753534711
-0.32018401350625707946
-0.67642078604087924589
0.44003056044333486534
0.59061664900996795589
-0.81208001864432968018
-0.50531145534344826280
0.29186705264094378612
-0.66501147844465694275
0.27243296017242808736
-0.69537041621609110983
0.51579943592453106506
0.58225202094269863698
-0.62843736840522047364
0.19126267382186869568
0.63612137516656940117
-0.74750798367556056832
0.16679706622193431990
-0.30139159424409536952
0.93879808564928285972
-0.34075229193547638499
-0.05045819974951186595
0.93879808564928285972
0.77966392595964650133
0.23867781237399713966
0.57892751224790990778
0.45954273959830479606
-0.28894022899839578335
-0.83984166040322102708
-0.90322598926590543774
-0.42758037529646245704
-0.03684881240912375415
-0.16972418921767881217
-0.92883306514029382132
-0.32933696527491148622
0.80675124338023247109
-0.24214429521173409035
0.53899774730592472521
-0.49135297411805841267
-0.39585353192499781708
-0.77580425114061043902
0.03262024137933425073
0.93928552365831333423
0.34158253014210500045
0.84904560565732022186
-0.52653328948535787166
-0.04340800130992683039
0.98993654345740702770
-0.01467269829191076344
-0.14074925169405287559
0.45884358666393982789
0.80875250627538366259
-0.36794285775193007541
-0.28273102622077689433
-0.17082831759224372564
-0.94386484875788751935
-0.94673378538583944955
0.17690164212891028349
0.26907424369696599455
-0.50927302997573673750
-0.66220326274040547583
-0.54966155018819886823
-0.63437280430193701657
-0.48648804903913716665
0.60074996737760243640
-0.89751087538760662004
0.26216348053355246778
-0.35460476313144147855
0.81068274860469024483
-0.50074880482023525062
0.30338773143594738763
-0.38284649993904683476
0.52117936695123021872
0.76275856268463897882
-0.75631796570797365445
-0.35165722468565415786
-0.55165236433258920210
0.43575294040484152469
-0.81082573587622434431
-0.39074416306493166710
-0.83909195589782034823
-0.22269245607626772877
0.49631921134919800729
0.59929781717504540927
0.74197482151875603563
0.30052535760137774609
-0.16109102016860284255
-0.48746818400895940993
-0.85815176559863004318
0.61567009434746575220
-0.78261301810328845266
-0.09201738325688532593
0.32656810144503062218
0.01709783783428866129
-0.94501901518434038105
-0.11885951475383391907
0.50142711021244243017
-0.85699665629247483620
0.18763098400895499212
-0.50909425999783263359
-0.84001050486115378320
-0.94203920094134076609
-0.18130274621439107274
-0.28229675539212330491
-0.58206426588106749995
-0.04689477593445902192
-0.81178942489686994175
-0.04122168721734893096
0.55978877127764772803
0.82760939098974490176
0.48953704636788754856
-0.33732223687666494954
0.80409401735240379634
-0.18168418337701676038
-0.75349277045442724902
-0.63185401983649542437
-0.44787106440790340027
0.55537658150980050683
-0.70069134601236481794
0.31473565129483200397
0.80542775148677478256
0.50222266669175344535
0.50304715358481395056
0.28830501459129661270
0.81475381547540411145
0.91654375970612989842
0.30782588950205875760
-0.25532480940170762730
