-6.640824948110265500e-01
2.357589292986582400e-01
-7.095154454566251500e-01
4.138907637332852600e-01
-4.106633066732665600e-01
-8.124346646029184700e-01
9.378096251258657400e-01
-2.892567421155963800e-01
1.919469826852059400e-01
-6.153153120986766300e-01
-4.339542543949661500e-01
-6.580811285771819300e-01
-8.306262840886022800e-01
-4.282595608362920200e-01
3.558844260900819200e-01
-1.057657447279251000e-01
6.035971140874479800e-01
-7.902430835555930300e-01
6.593486347048048700e-01
-7.059472584611066200e-01
-2.586461795274721500e-01
-5.396100017804871300e-01
-8.366969758030163900e-01
-9.359068682592995600e-02
2.293521543681834600e-01
4.415433790777085200e-01
8.674312847017404700e-01
8.872384845906876600e-01
-9.602884571677415500e-02
-4.512054213454489400e-01
6.577481279232659500e-02
-3.799549653304532000e-01
9.226634805403692900e-01
-6.752616611882061900e-02
-8.164517880993326100e-01
-5.734515625566784000e-01
3.609720286539921900e-01
8.613209184820503900e-01
3.575268799889856900e-01
1.301487096047407600e-01
-9.904086601088119000e-01
4.638964722531377400e-02
6.450574481866094800e-01
-7.733267893561258900e-02
7.602108558206869300e-01
4.708270939830799300e-01
2.596759536355748900e-01
-8.431430760404208200e-01
-5.299640747221688900e-01
-7.574195086392554500e-02
8.446308284589203500e-01
-9.745945307704242400e-01
-8.682450724801123200e-02
-2.064630851593494100e-01
-1.179585471144982800e-01
-3.872579380128448500e-02
-9.922631173519941300e-01
8.525301328534581300e-01
4.015561604177047500e-01
3.345818623408263700e-01
2.133320111341758300e-01
9.311155391382134300e-01
-2.958264792083392700e-01
-4.117203277058830200e-01
5.731289595904222000e-01
7.085263350310703200e-01
-2.784530752587007200e-01
9.463417196187307000e-01
1.640159583334388800e-01
7.704984574892107500e-01
5.533823861799676000e-01
-3.163859378551962500e-01
-2.934654836279478300e-01
-7.943717325421549800e-01
5.318379080669125600e-01
5.056905128233832900e-01
-6.900108340167659900e-01
5.178437546016275700e-01
-7.665043478616306900e-01
6.203489095472204400e-01
-1.662477522638757500e-01
-8.945576480162497100e-01
2.418546975182106200e-01
3.758629000899272300e-01
