0.21783990135231994270
0.00000000000000000000
0.97598451697699155457
-0.21783990135231994270
0.00000000000000000000
0.97598451697699155457
0.00000000000000000000
0.29441248976188015278
0.95567844271606901943
0.00000000000000000000
-0.29441248976188015278
0.95567844271606901943
0.35230988274494412930
0.34799753950920588721
0.86877814142379434431
-0.35230988274494412930
-0.34799753950920588721
0.86877814142379434431
-0.34884504408264386874
0.36181349196395503781
0.86452190964244931577
0.34884504408264386874
-0.36181349196395503781
0.86452190964244931577
0.55261083304137495678
0.04287994736324664333
0.83233561579415956744
-0.55261083304137495678
-0.04287994736324664333
0.83233561579415956744
-0.66314646336484397883
0.27864824969752642360
0.69468836255345792862
0.66314646336484397883
-0.27864824969752642360
0.69468836255345792862
0.65777214052532268721
0.35229270634286802296
0.66575195095947927690
-0.65777214052532268721
-0.35229270634286802296
0.66575195095947927690
-0.35248885461840780943
0.66513194175208413377
0.65829408886219320401
0.35248885461840780943
-0.66513194175208413377
0.65829408886219320401
-0.42231316314270540955
-0.63303522511394787902
0.64878193254847658228
0.42231316314270540955
0.63303522511394787902
0.64878193254847658228
-0.81594316831155897986
-0.03342029969408469723
0.57716533996252104821
0.81594316831155897986
0.03342029969408469723
0.57716533996252104821
0.14138279226834120916
0.83647023446847402670
0.52946053006684375841
-0.14138279226834120916
-0.83647023446847402670
0.52946053006684375841
-0.66086657625895455324
0.57646209719845796778
0.48056926543144954275
0.66086657625895455324
-0.57646209719845796778
0.48056926543144954275
0.20149633040324376537
-0.88937496127461035367
0.41037958902924516179
-0.20149633040324376537
0.88937496127461035367
0.41037958902924516179
-0.69018078257994431747
-0.60303398303739459336
0.40000062832374516211
0.69018078257994431747
0.60303398303739459336
0.40000062832374516211
0.87499597631430799754
-0.27957222332251812576
0.39524854633543563470
-0.87499597631430799754
0.27957222332251812576
0.39524854633543563470
-0.96653739246370725706
-0.07505070898060207035
0.24530156960559079503
0.96653739246370725706
0.07505070898060207035
0.24530156960559079503
0.52034824076556250848
-0.81850905270570790725
0.24347615688397265899
-0.52034824076556250848
0.81850905270570790725
0.24347615688397265899
0.09559261527352536039
0.97642937609978296955
0.19351414778913800283
-0.09559261527352536039
-0.97642937609978296955
0.19351414778913800283
0.82184237499667092528
-0.54903089977987782046
0.15211897234312714415
-0.82184237499667092528
0.54903089977987782046
0.15211897234312714415
-0.89194331698560562566
-0.42671516563944785909
0.14950346717723311779
0.89194331698560562566
0.42671516563944785909
0.14950346717723311779
0.24382094380028372991
-0.96827804283987763304
0.05467155675957085998
-0.24382094380028372991
0.96827804283987763304
0.05467155675957085998
0.69299526900927123139
0.71906130360351686320
0.05204227887764664924
-0.69299526900927123139
-0.71906130360351686320
0.05204227887764664924
-0.97170121468807997693
0.23195687932636961668
0.04464029017470550920
0.97170121468807997693
-0.23195687932636961668
0.04464029017470550920
0.34701371733159991366
0.93521640084153685980
-0.07036876850355083499
-0.34701371733159991366
-0.93521640084153685980
-0.07036876850355083499
-0.64723500916497835237
0.75634500111451483941
-0.09502148283569844684
0.64723500916497835237
-0.75634500111451483941
-0.09502148283569844684
0.97816856452028293045
0.17849572437718333594
-0.10642150047520326346
-0.97816856452028293045
-0.17849572437718333594
-0.10642150047520326346
0.85611956034734666274
-0.47423163521171539297
-0.20533790335709663313
-0.85611956034734666274
0.47423163521171539297
-0.20533790335709663313
-0.83933899108086923870
-0.50313059325408398198
-0.20583892776426428530
0.83933899108086923870
0.50313059325408398198
-0.20583892776426428530
-0.01034661513105435789
-0.97772622552096391890
-0.20962913796478542063
0.01034661513105435789
0.97772622552096391890
-0.20962913796478542063
-0.36148405237742602925
0.88826176072808404754
-0.28340840549468231952
0.36148405237742602925
-0.88826176072808404754
-0.28340840549468231952
-0.57910430753959256011
-0.76032561679627199921
-0.29418218408404263238
0.57910430753959256011
0.76032561679627199921
-0.29418218408404263238
-0.94352386233637010456
0.12742040145655905685
-0.30582145525536274616
0.94352386233637010456
-0.12742040145655905685
-0.30582145525536274616
-0.60062052263366258582
0.66310802712595929673
-0.44670206195224131624
0.60062052263366258582
-0.66310802712595929673
-0.44670206195224131624
0.26014415657042266493
0.85504606330334465725
-0.44857691361874179637
-0.26014415657042266493
-0.85504606330334465725
-0.44857691361874179637
-0.86771492379806424915
-0.19870826382650428821
-0.45561588745913582413
0.86771492379806424915
0.19870826382650428821
-0.45561588745913582413
0.09660568451058515997
-0.84079137342304259085
-0.53266988660673792188
-0.09660568451058515997
0.84079137342304259085
-0.53266988660673792188
0.67860633227390964170
0.50267139628069713269
-0.53555103693202432848
-0.67860633227390964170
-0.50267139628069713269
-0.53555103693202432848
-0.76686218419847075121
0.34927504508293865409
-0.53845086435872854602
0.76686218419847075121
-0.34927504508293865409
-0.53845086435872854602
0.36924234270582107496
0.61127079788186943845
-0.70000578855462309901
-0.36924234270582107496
-0.61127079788186943845
-0.70000578855462309901
0.71245952237494998230
-0.02511818900230577822
-0.70126350650700667313
-0.71245952237494998230
0.02511818900230577822
-0.70126350650700667313
-0.34023776895516427690
0.62533456660546884639
-0.70227839236641952863
0.34023776895516427690
-0.62533456660546884639
-0.70227839236641952863
-0.01459895363085940348
-0.60823506620732201282
-0.79362269044468393696
0.01459895363085940348
0.60823506620732201282
-0.79362269044468393696
-0.53769465351704282525
-0.28376914653018583990
-0.79395184429329036190
0.53769465351704282525
0.28376914653018583990
-0.79395184429329036190
0.51123754852913069287
-0.31569028273018248637
-0.79935962767934570310
-0.51123754852913069287
0.31569028273018248637
-0.79935962767934570310
-0.19764191446686793702
-0.31957337533142056363
-0.92672030916838887266
0.19764191446686793702
0.31957337533142056363
-0.92672030916838887266
0.16912287288655429961
-0.32201367271340794000
-0.93150665507672063612
-0.16912287288655429961
0.32201367271340794000
-0.93150665507672063612
-0.36045043543584712838
0.00906394827411346478
-0.93273432896821825742
0.36045043543584712838
-0.00906394827411346478
-0.93273432896821825742
0.00009715188041673263
0.00386348603727526696
-0.99999253199069037375
-0.01028858384446473103
0.61972850608368392966
0.78474882847300941347
0.01028858384446473103
-0.61972850608368392966
0.78474882847300941347
0.43559999643015955273
0.85285457007757083913
0.28790923119595661136
-0.43559999643015955273
-0.85285457007757083913
0.28790923119595661136
