1.351945804924567200e-01
2.772257512514149100e-01
-9.512456613559703300e-01
-4.510456229111385900e-01
8.593231170272432900e-01
2.410842728078416700e-01
1.324407843673510700e-01
9.555728002770074200e-01
2.633250121179514500e-01
-6.721685987888474900e-01
6.855684849971098700e-01
-2.796162140881770000e-01
-5.899832573111765100e-01
-5.676648457144427600e-01
5.741745196649639100e-01
2.079803176342545900e-01
-7.770210198476260600e-01
-5.941233223765162200e-01
-3.503146193304337300e-01
-8.571480995567836200e-01
-3.775934359990483800e-01
7.138188503597527900e-01
-6.246380571537762900e-01
3.166858797392719800e-01
8.538706760402625700e-01
-5.332931987411405200e-03
5.204579026539636300e-01
-7.391971107473459500e-01
-4.147539753199227000e-01
-5.306286568016253000e-01
3.137879389503307500e-01
-2.851285373376280500e-01
-9.056703851650490500e-01
-9.947436419071114000e-01
-1.005153734110663200e-01
1.953833650571710700e-02
-5.216466376632638000e-01
4.902327532357201900e-01
6.982525567941282300e-01
9.265881771517314700e-01
3.697770758468521500e-01
6.855117898900713000e-02
-8.554846500725406000e-01
1.641513993012768400e-01
-4.911215039047829300e-01
9.768032699820890000e-01
-2.132207475690595900e-01
-1.980617475409026500e-02
-2.884107603365012000e-01
-9.322024454796766800e-01
2.186728926132177100e-01
-8.065961090987395800e-01
-1.719618408071933700e-02
5.908527803436626200e-01
-2.899327017197502200e-01
6.224550765159936300e-01
-7.269722870873104300e-01
-8.694806878458684100e-01
4.412771974193560600e-01
2.219859646482051600e-01
1.987985897719024600e-01
-8.207593990525318100e-01
5.355680438297546500e-01
4.779328247037870600e-01
-3.691772712448226400e-01
7.970497835561376500e-01
5.932841998067263100e-01
6.424890753030410000e-01
4.849965426432811800e-01
-1.012733144756394300e-01
-4.508957729953256300e-01
8.868126733815130400e-01
6.935166768089922100e-01
-6.661009826558951200e-01
-2.744887973900989600e-01
-2.407689764571672700e-01
-4.818396527516999900e-01
-8.425324023513216500e-01
5.737379012893265600e-01
8.124012290424281700e-01
-1.040627871742406500e-01
2.784478858844405800e-01
7.403577339507121400e-01
-6.118310229351339200e-01
-4.347001374531047600e-01
7.456502850192253700e-02
-8.974830622483966900e-01
2.447391367969835600e-01
-9.689379271237940100e-01
-3.552531915286003000e-02
-1.448372571558344300e-01
1.317821624714897200e-01
9.806404186009838300e-01
-7.637702215068095100e-01
-6.453399298838398100e-01
1.383559311920202900e-02
-1.455773712337561600e-01
9.548183845377101700e-01
-2.590928048662615700e-01
7.954602547469089600e-01
-1.705595625764307900e-01
-5.815087434697087100e-01
4.344055052825395200e-01
2.159112791361514900e-01
8.744565035048984500e-01
7.598575602077406500e-01
4.146072126201114600e-01
-5.007168335881285700e-01
4.547935496171058600e-02
6.472574181251346000e-01
7.609135712774818300e-01
