0.00000000000000000000
0.00000000000000000000
1.00000000000000000000
0.32651457355080867815
0.00000000000000000000
0.94519216737070644750
0.32042973553735929681
0.63678685653762656074
-0.70130398824217889203
0.56641693848038105960
-0.54363612314557193948
0.61938002665065391940
-0.08205104864377232430
-0.43804480349620581513
-0.89520074594831953899
0.61464950171201302923
0.58729718874722589952
-0.52658142972837487684
-0.56284059820832856676
-0.82140039995453332675
0.09225965512087899055
-0.46253627845210013988
0.85565052676503955370
-0.23221190142279877163
0.35197381936560241156
-0.68872811297943484930
-0.63385173098523373100
-0.91183187171247824120
0.36823067598097912743
-0.18157314502951636812
-0.86173536279769499734
-0.50624133757867390316
-0.03364331479625797202
-0.17298598070960671709
0.92070923203826709681
0.34981475171501845931
-0.05645757742750526347
0.54446733922617996920
0.83687983514180882382
-0.00328794035789520441
0.64262337086977856290
-0.76617517100214488790
0.05550798720827670039
-0.99466548085160717986
0.08694506632539226960
-0.95550061792711604415
-0.21732184581716001664
-0.19947376888082787484
-0.39075076659247224484
-0.88317621230926463614
-0.25944867781211757956
0.07734791016163896802
0.84954891397757688473
-0.52180833986545931568
-0.93647269154411168271
0.08034344901639446638
-0.34141445223112198878
-0.27210999460148036346
0.74384748588896886932
0.61044825216773500587
-0.66913915758054875852
-0.71521762898833754652
-0.20178337636360008278
0.94743510176725118463
-0.23881860870952589385
0.21291406734484397162
-0.32861425456106035201
0.59892902040840021296
-0.73027166192582931613
0.63701643182204486990
-0.55314530200950484756
-0.53688019189901552232
-0.00070151861319382821
0.99744410358001152225
0.07144765989941579740
0.03324894018870328743
-0.69312234397788320249
-0.72005272324666128469
-0.20292882190362206118
-0.10300606802445258891
-0.97376056769153981033
0.49043970947154640694
-0.79631408257137944268
-0.35405193583988131686
-0.93126351229312839625
0.33370663728627798683
0.14624688339431647134
-0.53784903017289765310
-0.73642406487177026429
0.41036327494040220385
0.55129286240252170533
0.82219219414106162343
-0.14169042225055687442
-0.96258087130109715042
-0.23776536651746428233
0.13002190850020822190
-0.06316848542046672989
-0.97334874860138809561
-0.22045851320780533193
-0.63821599189176104831
-0.42242686626558726451
-0.64361159898703756051
-0.73304714609792962770
0.64285895768122278475
-0.22220315507816811503
0.91263481157545785972
0.26730167276017027039
0.30926932670448159955
0.15870603630220626692
-0.28438649688196086487
0.94548226553037431885
0.61631840230940289776
0.01229551934082209371
0.78740107136003089559
0.84991388578671403876
-0.33883882170560642467
-0.40352774334868806477
-0.76193238159764707595
0.58777799361166579851
0.27198543361507814257
0.72972965481008043653
-0.25699653631158780681
0.63359877778812640312
0.55477746815655774248
-0.83169218064693412656
-0.02258489487571397903
0.57400952742142298870
0.51383023894086247038
0.63756689686605501410
-0.15068902085611196137
0.96361338297531846466
-0.22077605654664746922
0.39267479237897852376
0.81235936379399564842
-0.43113660420606917182
0.92066980928234071905
-0.38124271982410763868
-0.08379194983490557038
0.75198114952943912068
0.55094634886548014997
0.36191500580133446796
-0.17276980333694360937
-0.84585591615241151935
-0.50465667950090426027
0.85039009551430852408
-0.01715608039800537626
-0.52587294506994976336
-0.61590759609477414570
-0.19530870859523182448
0.76322496121367739892
-0.79859114404808526257
0.02702387840552372800
0.60126690799003216275
0.05606640246487301806
0.77521528948099349827
0.62920411113528679168
0.97012251677185290564
-0.08749982953771202696
-0.22628760965443361122
-0.20054711879941924409
0.35546719218691911691
-0.91292054879929147816
0.75827603718970288795
0.29505104557518404880
-0.58134527772131338448
0.44804921036107412233
0.29039991948565132425
0.84552929686530979342
-0.82707130085550399566
0.32385047220890635970
0.45942783432357770583
-0.54756422440516688011
0.67466004088609881944
-0.49498206975923432587
-0.56992590247717712149
0.37353701288310759352
-0.73188425703244929459
-0.45268989147543542930
0.06248206426480305699
0.88947616820304270267
0.47050047969664084326
-0.27981131193951608889
0.83686016055008717249
0.02906536325608948666
0.13134418648446804598
-0.99091064649418559198
-0.39520099040275583656
-0.34244857190305774502
-0.85237618032546942983
0.80333599764700754971
0.53548183879246384458
-0.26059638371997575331
0.63529557603654642118
0.05385849060744306108
-0.77038872918668834337
0.24411423185996562444
-0.46470998508592773894
-0.85114797277844453697
-0.40848797832532654099
-0.45040008069471331114
0.79390008116505649577
0.26893878867363296707
0.56069795053883796346
0.78312817355034916713
0.15720714926991580944
0.92282422055735862691
0.35168362226741513218
-0.65826056336162848233
-0.47995225136335162924
0.57994729685901772317
-0.99831146164184465575
0.05522045721489091721
-0.01802572216312367903
0.55043631524658545948
0.79268923963430041780
0.26203746340124008930
-0.52151983774053539576
-0.69398407331698756152
-0.49639013369067647646
0.43254821789112956894
-0.19511503877355095733
-0.88024551168614521054
0.76072273192618123832
0.24387810494860746998
0.60151840791237918421
0.99599547735453817061
0.05507613326044736910
0.07042463087857177557
-0.61626377239757721886
0.78584965492753443144
0.05156823325054099461
-0.25822903865516822307
-0.19844659020194422526
0.94548226553037431885
-0.95044214830684098642
0.03989234418006157517
0.30833151573865489436
0.50496785414976257323
0.37390494464785122560
-0.77794765803572635003
-0.25154981319500145685
0.82644270621329487269
-0.50370144413968623381
-0.37778259527911916125
0.48623524905734128512
0.78794390236762321411
0.68654204413972806748
-0.25935822917774845052
-0.67925939859984726616
-0.59911734761997121821
0.57331816290658558325
0.55889595441569297718
0.18665274620726555357
0.40520051991579642433
-0.89497111182051813744
0.03136342567666483080
-0.73219222414050639675
0.68037554514988467723
0.35301490336091792255
0.12184352256890645270
-0.92765006010514663467
-0.78242333061432530557
-0.55461495369704165810
0.28322426599077723566
-0.29502673689106056550
-0.71558842330307785090
0.63316066914648764445
0.74529977596791381712
-0.62460559149327666074
-0.23322971298166850885
0.77896224962095643805
-0.61979913514375331465
0.09521998603504500838
0.88827960294285751284
-0.02622241791557937879
0.45855395734236129721
-0.25390119613112669747
-0.89747655820436642842
0.36065220098708341559
0.32767546290312135216
0.94222695351427427390
0.06954968786727061280
-0.62428925826660706341
-0.11858186503481043627
-0.77214070174923144407
0.59158304395717743729
-0.72908904319863266595
0.34417825205852652523
-0.85905756685261637302
-0.25641671510315400238
0.44302433911577646540
0.15166077565704630213
-0.87868530986591874087
-0.45267111168367861429
-0.80827699060467037728
-0.46318889699921193785
-0.36351664632546200487
-0.83386127674912732580
-0.17538947557894571168
-0.52336784673349746553
0.92457475699761830168
0.23029911544524292663
-0.30351908695819071697
-0.26932995896481983388
-0.96232745630012812682
0.03724567162682738897
0.79183086029428034739
-0.47046355745717017092
0.38944566988267287713
0.07290907771602716406
-0.91100383753357022732
0.40590180387096913361
0.75973596428828848083
0.64856232350796484845
0.04656368856624651725
-0.19481744203365312804
0.26097787233214802481
0.94548226553037431885
0.27572208393938600530
-0.94869512687480070204
-0.15477366918222226027
0.92913812521168062869
0.36970871123779059548
-0.00422055837718896395
-0.08897101216341225610
-0.48855694436522057878
0.86798402698847904118
0.17943428570219359194
0.95766954165873811447
-0.22510527780060161756
0.33421849428708371655
-0.76714557367995312949
0.54752686405301630039
0.37284225547033493236
0.75601182806411621613
0.53799142034324923021
-0.43209733948382056555
0.12083914225275028083
-0.89369446172090800459
0.11648799821297143412
-0.18670426629129618340
-0.97548555254343133079
-0.48131688535407868770
0.80255493599830566251
0.35247642556319163667
-0.76888770861072735418
0.43062853965959310982
-0.47262115100574103339
0.34607694853636368571
-0.91195290796919293923
0.22039201287317967206
-0.77124519858748860775
0.13606462583794689409
-0.62182574830198594383
0.13340649801538972574
0.29709593039087655488
0.94548226553037431885
-0.32620217708695419389
0.94350684859865053727
0.05819764867393277247
-0.63072521137032965620
0.28448215678805604044
0.72198033921365814315
-0.29033631404715523770
-0.62738229386731127947
-0.72256230325647512286
0.28257041466790626882
-0.54690151876553984454
0.78806896241785424793
