6.946907954011297700e-01
6.946907954011297700e-01
-1.865727674927167300e-01
-1.514598564738553500e-01
-8.118004501805740100e-01
5.639503000828500800e-01
8.118004501805740100e-01
1.514598564738553500e-01
5.639503000828500800e-01
-9.244833579897193300e-20
1.696363851953479400e-20
1.000000000000000000e+00
3.564164657663047900e-20
5.579881977585050800e-22
-1.000000000000000000e+00
-6.946907954011297700e-01
6.946907954011297700e-01
1.865727674927167300e-01
1.514598564738553500e-01
-8.118004501805740100e-01
-5.639503000828500800e-01
-8.118004501805740100e-01
1.514598564738553500e-01
-5.639503000828500800e-01
6.946907954011297700e-01
-6.946907954011297700e-01
1.865727674927167300e-01
-1.514598564738553500e-01
8.118004501805740100e-01
-5.639503000828500800e-01
8.118004501805740100e-01
-1.514598564738553500e-01
-5.639503000828500800e-01
-6.946907954011297700e-01
-6.946907954011297700e-01
-1.865727674927167300e-01
1.514598564738553500e-01
8.118004501805740100e-01
5.639503000828500800e-01
-8.118004501805740100e-01
-1.514598564738553500e-01
5.639503000828500800e-01
