7.524024894510281700e-01
-6.240721632253003500e-01
2.107710344311798400e-01
2.904903250650505700e-01
-7.615438179870072100e-01
5.793672275244549100e-01
-3.937266570036561400e-02
-9.913807871412577700e-01
1.249557044829392900e-01
4.584273306127168400e-01
-2.470861890053027100e-01
8.536936205396727900e-01
-1.164095199955796900e-01
-4.374674736284585000e-01
8.916675575412242900e-01
3.642741783010304800e-01
3.522374438984511300e-01
8.621096833576308300e-01
-2.011574595241976100e-01
1.586221060601118200e-01
9.666305933224054200e-01
-6.468252130297346100e-01
-1.850043080008089100e-01
7.398584660664365700e-01
-6.456222025534227300e-01
4.137593580992550100e-01
6.418529155151978500e-01
-8.849344665501430700e-01
-4.063305459811644100e-01
2.275664239607028700e-01
-5.746228675444661200e-01
-8.123454128280690500e-01
-9.951628184457656000e-02
-9.735116904233288800e-02
-8.781907210757269300e-01
-4.682988440115842300e-01
4.811423333495667400e-01
-8.262733192056321800e-01
-2.928727659374323900e-01
8.285973602508502900e-01
1.225006614602666000e-01
5.462783196568576900e-01
-1.099420253803395900e-01
6.991193346321650200e-01
7.065018803929312700e-01
4.297923511071674000e-01
7.865074788618284800e-01
4.434912858492079900e-01
-9.043142758585111000e-01
-2.373073031341607600e-01
-3.548252166316370700e-01
-9.720052766227659200e-01
2.207461712921996200e-01
8.047900395342472100e-02
-6.418752545114071500e-01
7.540098124177224700e-01
1.395183157284644300e-01
-8.048688625019853600e-02
9.820502220442549600e-01
1.705849422562766300e-01
4.242727230927757500e-01
8.923587036383711100e-01
-1.539110148114381500e-01
-1.165530721147151200e-01
8.958004288292688000e-01
-4.289020553575375600e-01
-6.516768255108447100e-01
6.106265643861336100e-01
-4.499472346376798300e-01
-1.574993948705226100e-01
4.761243495089154700e-01
-8.651586816417734500e-01
-4.910992714304487400e-01
-4.909577771752127200e-01
-7.195706821651759500e-01
2.883552851517406900e-01
-5.390861537737752200e-01
-7.913515959006185400e-01
8.474354447254891500e-01
5.230509515407951700e-01
9.094431876253299100e-02
9.943738795393437500e-01
-1.055419542603301400e-01
9.026825620623799400e-03
8.521212857638911200e-01
2.584916260927602200e-01
-4.550509791089493700e-01
-6.241845251264599400e-01
9.903511842245997500e-02
-7.749746601739344600e-01
-9.813168737863232900e-02
-1.149629329366535400e-01
-9.885108476809069100e-01
4.084913749017494700e-01
6.017729046072301000e-01
-6.862974339974292600e-01
4.802665122416451800e-01
3.014710430888514400e-02
-8.766043744592169100e-01
7.888464960996575100e-01
-3.423904024007931000e-01
-5.103822272915821100e-01
-4.545332232134058300e-01
-7.430724371027883600e-01
4.911648422000042300e-01
