0.735883971372E+00
0.404232488568E+00
0.543204267163E+00
0.425298318704E+00
0.442781471152E+00
-0.789345240634E+00
-0.317617000553E+00
0.470600372656E+00
-0.823197868204E+00
0.200844902048E+00
-0.776020676240E+00
-0.597873929327E+00
0.515138017940E-01
0.928647063198E+00
-0.367370331191E+00
-0.956412320377E+00
-0.286865264609E+00
-0.546241099881E-01
0.707180358847E+00
-0.234992696409E+00
-0.666839090558E+00
0.388617026702E-01
-0.162057779298E+00
-0.986015742387E+00
0.723231872157E+00
-0.686472354066E+00
-0.754411439493E-01
0.683850389795E-01
-0.992458333566E+00
0.101734667534E+00
0.839908779886E-01
-0.644918624067E+00
0.759621945935E+00
0.999681137862E+00
0.264726439463E-02
-0.251120408039E-01
0.738837711145E+00
-0.338932644155E+00
0.582446134261E+00
-0.659253948150E+00
-0.183825758820E+00
-0.729103780160E+00
-0.468567136097E+00
-0.158563470896E+00
0.869081391279E+00
0.717799097705E+00
0.680421431958E+00
-0.147618190839E+00
-0.497270748552E+00
-0.797788655958E+00
-0.340961967175E+00
-0.560802997719E+00
-0.726509910754E+00
0.397093625389E+00
-0.489605749324E+00
0.860790604896E+00
0.139017066405E+00
-0.864176458716E+00
0.281081174826E+00
0.417363656012E+00
0.238033237396E+00
0.521580302145E-01
0.969855513867E+00
-0.858736551631E+00
0.402743914536E+00
-0.316810470466E+00
0.220375808445E+00
0.907688404996E+00
0.357122195457E+00
-0.277474925289E+00
0.555613946437E+00
0.783773441985E+00