0.00000000000000000000000
0.00000000000000000000000
1.00000000000000000000000
0.32044860555037678449060
0.00000000000000000000000
0.94726590311317499098006
-0.53358184137372860359551
0.25973227085095259639436
-0.80487860329047667286686
0.93591816322274970475984
0.31493311083330794819554
0.15771597081655939214044
0.63676092313935555046205
-0.43540184961827991835320
0.63636526941034147893924
0.44713800731032364957957
-0.69026377139948055646265
0.56886160734568702536686
0.59262510748691149283770
0.72073356189206811886998
0.35963678168187832612395
-0.23133021333582697700990
0.96775806674215719917033
0.09965268011189257832356
0.90252944640631549645748
0.11834348409918495174284
0.41404760371336004447173
-0.70748345598322892161803
0.48651563666659839337564
0.51261066589461539014665
0.50709025822433753067499
-0.86150271666488975557090
0.02593336061888945313345
-0.67738821604834960786385
-0.02407861517499925516788
-0.73523154519517776900990
-0.87302115239697740832824
-0.09770444802679620423027
-0.47779483913415455233148
0.37764580683547990912677
0.90417413170092214634150
0.19963162109861976803018
0.57803483814892536184170
0.81503688118802570969744
-0.03988242958298458740888
-0.25885357594996961398933
0.42034408978030949732190
-0.86965836533933048890346
-0.75425736997843370252906
0.61873225733862414195382
0.21969572950302600102531
0.15588525288340805128578
0.27997695750303611863178
0.94726590311317499098006
-0.37185255565854393974413
-0.58003076913737257134308
0.72476891745170576403520
-0.05652258787703827508938
0.50916439718601109120291
0.85881127944263076417564
-0.11798032810033280729444
-0.99288192557470108300580
0.01631330893508611401762
0.38897754537078289105405
-0.23813379024757814772686
-0.88993750743501253563461
0.10338937578863816557881
0.91519990101663688852005
0.38951223107005741603939
0.64184909613918357307687
-0.53473632207113752734993
-0.54962423858773346441529
-0.80638274350957593350556
0.21127170177342570408369
-0.55236866221730043298795
-0.78667944344374673744331
0.18125633642812757288664
0.59015387295830763845899
0.82404048250113760602247
-0.27099626140337284542990
-0.49751211995758167655626
0.44438678788732738905633
-0.28387044205574320124555
0.84966932089976064815907
0.13471648499119341760297
-0.29075552870203264560040
0.94726590311317499098006
-0.96771164199582322316546
-0.21609943512719199669507
0.12975057642822325772728
0.09146121543603327278530
0.99302231280809717787705
0.07444146919708871883618
0.94046927807913787619804
-0.17894592591294655215670
0.28895655830671758102625
0.78013168248557894582268
0.61466095568277797901151
0.11656100351898949542941
-0.31690099566480455034289
-0.04755068607114411047938
0.94726590311317499098006
0.65811946763093885635506
-0.13417663602111959131443
-0.74086125332023243518070
-0.57914020687876764111532
-0.79937855646439382651253
0.15997044802500288272730
0.58839254877629260195980
0.55750724778698600035679
-0.58564483879696090486895
0.81459284439982545198145
0.37115093924932123587065
-0.44574149251213804529254
-0.98893248572165261413764
0.13798336072727175728681
0.05452642338170500736638
-0.36680288281190276864247
0.64931412540166670707940
-0.66621829133906715815691
-0.13227532071138503373302
0.14272039295012463970764
-0.98088436064954274841987
0.38813575759903660815701
-0.53229893346115466240053
-0.75233535016582806932970
0.20467115074928154765081
-0.97755704689403652051814
0.04991933612113997804365
-0.41037455649876760948003
-0.90686818880487884090913
-0.09582698738976622184097
-0.28342460791614016701390
0.66738839671884953501573
0.68866771345303078886614
0.25825963650541174776115
0.55307922250904943752272
0.79208922084628697321886
-0.52436446760279799337086
0.83784809158050930612815
0.15183043354523066236266
0.43482526068709762091119
0.79409213390251578002326
-0.42467007846391361311345
0.46288341373960530785016
0.27906918734571568717448
0.84134376681530790995466
-0.50286971273503490417796
0.73280917749706195405324
0.45838058574710930063837
-0.93586145041984217462233
0.01866684712621049708982
0.35187340683324730913189
0.09762694686842837590894
-0.67582278120578529621432
-0.73057001556895716847028
-0.44901623468245560230267
-0.32944907413277463445719
-0.83057072458921131777572
0.13956991532880266169245
-0.79102181630283181391847
0.59565487059880561085357
0.88650650140734547324210
0.44195096091126559996925
-0.13706046516817737765782
-0.75661539778015003611702
-0.57428259435063720554330
0.31262220277498974812206
-0.18270906313115336190439
-0.80839695802233030752385
0.55956389850487937452205
0.11866977387626176513338
0.89624519806222129967629
-0.42738978663342741912972
-0.86476025448099773721907
-0.50195900619063746158220
0.01506181841835890232372
-0.63866017973242551344948
0.48580371934447708647022
-0.59674778683730237933481
-0.29792700552169077968738
-0.91413812972781055606774
0.27493813696651657889103
0.25959939636650108119376
0.68870437091884137103937
-0.67697447727623471259715
-0.94196918970372941508464
0.21561737128061310714944
-0.25729981510086178792432
0.02904205670913928658643
0.75100264162650886768498
0.65966020890463646933959
0.26261570690877323001383
-0.54731175614039034494233
0.79465894072572241332119
-0.48866104624079645164047
-0.29296649754347682292946
0.82181568079707397412959
-0.16096925952694505014106
-0.93987828806444490986464
-0.30119379328332003843829
0.02012617530048420915646
-0.94226559773167975304380
0.33426109614960346322547
0.60977762931450356494740
-0.74727984951734287870967
-0.26409102463529741240224
0.99906405928579527973453
0.01947045667335246787075
0.03862520887089206200384
-0.43789087059981620467154
-0.80385263074441234527027
-0.40258233131947367739374
0.05153766289370310927063
0.51485047762955569123516
-0.85572942860934342906857
0.39621762831362905973900
0.42721109880822468683767
-0.81271290630123019796434
0.33631566153064256029649
0.76083533368898269299405
0.55499673045846011460384
-0.67982016054330758436831
-0.58977688583228751885729
-0.43589881194703937338132
0.17860314418318285639440
0.23325855002433751877726
-0.95587204464218160705745
-0.40608759059641462281992
-0.01844506550672063233075
-0.91364798928364721200262
-0.21899417435133540046692
0.88393273723877934674682
0.41316397185347124620014
-0.09155719234450244700282
0.97684904725899192968837
-0.19334740597999119277264
-0.64956435852840210840679
-0.46711534777343351211949
0.59989115346376774745590
0.72023362230778265326494
0.25658980703824335995050
0.64453487122225382655627
-0.16555996354323393073297
-0.23494057827541992588779
-0.95780625553980087508986
-0.69499120830717259447436
0.71277250500028389890835
-0.09456519704075329233111
0.65588450495966754004737
0.26292137165060771739832
-0.70759301048213785939071
0.45612722793886476316552
0.07958658052208807612574
-0.88634864930996995290350
-0.85745890626856039246427
-0.28745683203439540710235
0.42677018848259955488868
0.83810102945429797026722
0.05022530356893039112581
-0.54319801482429476401117
-0.87896736209326483521420
-0.38146597818622965313439
-0.28618190694247326241891
-0.05852272651331870569034
0.75108529795133533453400
-0.65760623908445480117064
-0.27102800813974129893854
0.85792036761130757778630
-0.43648191444948001632760
0.69721980433495656302789
0.65332159099177705340779
-0.29505159411041666416243
-0.18379084073432607835575
-0.34772209931724866099502
0.91940756387391932539188
-0.49663797153646107842111
0.43110904085114819700306
0.75332311800750699566159
0.54758407425642137923638
0.53164933062525423417958
0.64614291829784616712784
0.30455533572860626192668
0.93819677005844191982015
-0.16441675137023899147771
-0.56460877781627698163988
0.72649826827695329713022
-0.39168507018189749773462
-0.56317063782934473117993
0.11980713622353135251855
0.81760937054121709158250
0.75642202819103364014880
-0.65400355290310844701155
0.01025027109271456191932
-0.89480286376763430301979
0.33565000812615335007667
0.29439243712798342930136
0.33082450311765000286004
-0.91211119014494574489879
-0.24209156315190046660918
-0.80368784078314964991555
0.50321424101330055328234
-0.31758665308656559105228
-0.42304370049634947329277
0.89332190286304789735064
-0.15169049190868286357081
-0.05497104337422941100914
-0.61473119813418896607699
0.78681874560209424194689
-0.17700073796210114767902
-0.53233250458497507501674
-0.82782416207982181389134
0.79855970512440213883890
-0.15943243079064160321972
0.58041683070343091115970
-0.89687177027399369868622
0.44211276604241092623718
-0.01254311715328741914093
0.78751181044743693567976
0.46487438208869259889586
0.40461952162921699474875
0.12056704190704505077227
-0.08454010193782652398503
-0.98909886238440631548468
0.40516861661580413614732
-0.75458213761347144586448
-0.51618232215402298285522
-0.26973384258761764996145
0.27288145655113964423826
0.92346053777811577338964
-0.49091375337855814945122
-0.73607888766003930120081
0.46603815067538776471940
-0.70378419312197739721341
-0.32989376329610652491825
-0.62917240439324709965376
0.96001524562310955187218
-0.17468650209466944157796
-0.21875866647319297737658
0.60700087499393347518871
-0.00819180573939218864456
0.79465894072572241332119
-0.72602248995498857205538
-0.12601359087121661588169
0.67602656678217916790193
0.80739184951829228814163
-0.46610261440659331954854
0.36175510248615685106006
-0.17918394112777018895808
-0.78150145240030201943652
-0.59761910539919844832276
0.82219606907114425532551
-0.50167190182281217116803
-0.26892178588846402915219
0.95518639261227129450420
0.14784254081526055489879
-0.25644012652789721925271
0.62175058998843674745842
-0.72463463895907423685586
0.29720505357359411559667
0.92541306980772276815681
-0.37756730582880041296082
0.03245889397727415618068
0.33905591832273965819425
-0.88120293222201883228213
0.32942749808362959084093
-0.67974112426270389048130
-0.72025587663138371395644
-0.13850442651421763121996
0.10628398932194563021722
-0.87427759449447285516325
-0.47364797199900543307907
-0.98059652616552553708223
-0.09517854987406940107339
-0.17138114399190207971589
-0.44502352139989519738483
-0.60559509821020454905919
-0.65970345036585167785964
0.11008063037689510429591
-0.40357368906518205154392
-0.90830090405665960440602
