-5.765608248608084000e-01
4.694521987385904500e-01
-6.687243440576449100e-01
8.996675354300106600e-01
3.250999908442132600e-01
2.913903252449937500e-01
-2.592764086045436000e-01
-1.536918275999440400e-01
9.534959706627601500e-01
-3.813665878842198400e-01
-8.904903504627611500e-01
2.481661970902901400e-01
3.533426651629872400e-01
-4.501933296788512300e-01
-8.200456858542616300e-01
-3.690956192165009100e-01
-2.248297420315202900e-01
-9.017871206516691100e-01
-8.402230371770032000e-01
-3.147725532862644700e-01
4.415240508677849000e-01
-6.655906693931983300e-01
4.020478577692082600e-01
6.287659189872689700e-01
4.039959060197070200e-02
8.747133863317155800e-01
-4.829537916315556600e-01
9.093363316714553300e-01
-1.877261023614676700e-01
-3.713035771366508500e-01
4.065203466098384300e-01
8.949052502913417100e-01
1.840809626039800800e-01
-2.081346610477758400e-01
-8.455415132508540300e-01
-4.916701254296254000e-01
1.950499626886720300e-01
2.848546657023441300e-01
-9.385165589816482100e-01
4.840717753370072400e-01
-9.973833478162981100e-03
8.749714503729980600e-01
4.897081151916303800e-01
-8.514319674029571200e-01
-1.877486798882771500e-01
8.333257397990103700e-01
-4.312197309065439200e-01
3.458579984116602600e-01
7.252468804211533700e-01
5.495761285433814500e-01
-4.147083811241990000e-01
-8.354410897265199800e-01
-4.562628289166192900e-01
-3.063697382992793300e-01
-3.540267833499747800e-01
9.203023637140701500e-01
1.664589919865113700e-01
2.070386815048253200e-01
-6.942138922126144300e-01
6.893490090075971000e-01
-9.669016930853096000e-01
2.495019717406525600e-01
-5.338428613635742100e-02
4.859108098558453900e-02
6.087642540677801200e-01
7.918617239253021900e-01
