9.364563980599957000e-01
1.365104024843637500e-01
-3.231320543462936600e-01
1.023583654257072500e-01
-4.415930070432379200e-02
-9.937669350449746000e-01
-9.996920823246214800e-01
-2.481299499090425200e-02
2.362563094218511900e-04
-8.129837729153035500e-01
7.598824389988125000e-02
5.773068263630791700e-01
-4.116419302270250500e-01
-4.085785298017853800e-01
8.146253778664035400e-01
-5.270715251096327300e-01
-7.979187472930143700e-01
-2.924402163467814100e-01
4.960252911043552100e-02
-9.816431028531901200e-01
-1.841640782742656700e-01
-4.171513959709167700e-01
6.923792936522548100e-01
5.887237268542182500e-01
-7.094619087782345900e-02
9.825990864006672900e-01
1.716556827037822600e-01
-3.043873540434252100e-01
-4.939566732509956800e-01
-8.144661709667576600e-01
7.357241176874708100e-01
-6.113533463359059900e-01
-2.914740272766723800e-01
5.366065991675642600e-01
4.029813567944047800e-01
-7.413901697527165400e-01
1.426391371713913400e-01
9.054734279975035200e-01
-3.997148330215565800e-01
-5.565011238417400000e-02
5.312138880398842300e-01
-8.454081086346274500e-01
9.558168439756782300e-01
-2.500024337987965000e-01
1.546381061286399000e-01
6.896306454727276800e-01
6.900449558488331900e-01
-2.196532078810844400e-01
9.007428516752423700e-01
3.548123512469362800e-01
2.505404369729022900e-01
-4.844754623862225200e-01
9.128892446853524600e-02
-8.700286539045906100e-01
-8.040004916175294000e-01
-2.963449980895958600e-01
-5.155219215378221700e-01
-3.391059160487809900e-01
-8.966736723473454100e-01
2.845760056994314800e-01
-3.208211666050055400e-01
1.888332016819746800e-01
9.281248843774946300e-01
1.447036150239644800e-01
5.719189495399038500e-01
8.074463319355469300e-01
-7.989176641023507700e-01
-4.929377598183619600e-01
3.445909617655380000e-01
2.638308625558780100e-01
-6.855120602303320700e-01
-6.785768130740889000e-01
6.398889372046284700e-01
-2.031242611331485800e-01
-7.411360756178609900e-01
1.649851055050802200e-01
-1.858440157786722100e-01
9.686288849506472500e-01
-4.580453787941263200e-01
8.420421766622284700e-01
-2.848848955056795300e-01
-8.204987469151708800e-01
3.691063902936033100e-01
-4.365114877698647600e-01
-8.247135896813930800e-01
5.445291540842167600e-01
1.527595998527030200e-01
4.897469007173643800e-01
-8.430833417506855600e-01
2.221676216288798700e-01
9.819994948709683000e-02
-7.253319227802337300e-01
6.813592090202206200e-01
4.879269831780703200e-01
7.992932855743680700e-01
3.507955283672798400e-01
6.163467258802664000e-01
1.795851584921827300e-01
7.667241253188877800e-01
6.328310664959603300e-01
-4.235011943606326600e-01
6.482064328998156100e-01
