-4.724910501362680200e-01
2.631795030963496900e-01
-8.411235085830648400e-01
-7.937768611006564800e-01
5.125448036055801900e-01
-3.274387256848317300e-01
-8.681700952315109200e-02
9.936508454123124100e-01
-7.155979505877756200e-02
2.946131156417403400e-02
-2.587563478273038300e-01
9.654932333165230400e-01
3.847814443345234900e-01
-5.333832362138709600e-01
-7.532898269735599500e-01
6.939212494018588400e-01
7.020485189988668900e-01
1.600036768329433400e-01
-7.054099111795216800e-01
-6.470825626670190200e-01
-2.892767088826593300e-01
-6.612084576514909400e-01
-4.939816081370613800e-01
5.646109690330675100e-01
3.130237189906399700e-01
-1.265242400906856900e-01
-9.412798563757451800e-01
-2.127464375793778600e-01
6.063167934667749200e-01
7.662368427956542900e-01
-3.206723965030795500e-01
-8.801005017779098800e-01
-3.501318621480243300e-01
-2.651524067789140500e-01
-5.839497453099180600e-01
7.672658575303812300e-01
-3.943435517698405900e-01
8.858665004226593500e-01
2.444048007025591300e-01
9.288732137542056200e-01
3.368295505670099900e-02
-3.688631335720366500e-01
-9.610593754575365000e-01
-1.425245555708207800e-01
2.367522500516312200e-01
-5.058708065563878300e-01
2.641415970696992500e-01
8.211722984681464300e-01
-3.926395024952089600e-01
-5.982242188830063600e-01
-6.985427725072614900e-01
-4.138826743122687200e-01
-1.840884857219528000e-01
-8.915226084226484100e-01
6.233515443989304800e-01
3.415508804894383800e-01
7.034030481397971500e-01
2.236562267558477000e-01
-9.410639650823550100e-01
-2.537252566395648000e-01
-4.973623485244812500e-01
8.451654513594552000e-01
-1.957704117035590200e-01
5.523717467091326900e-01
-6.742023110772461500e-01
4.902414682333617900e-01
-7.583288231319766600e-02
1.020660710547143100e-01
-9.918830027274017100e-01
-7.630457631265616900e-01
6.372740703268632300e-01
1.079023756162736800e-01
-4.107600481551649300e-01
-1.734818332858513200e-01
8.950867200217791400e-01
-4.611465986961466000e-01
6.500375623830353400e-01
-6.039826007445053800e-01
8.998348972330543200e-01
-4.073416659506837200e-01
-1.561086957927089200e-01
6.625567040247082300e-01
8.554777112298990500e-02
-7.441103364473602400e-01
5.260281159145846500e-01
-3.292967155712667200e-01
7.841288761302752700e-01
6.729091689362788300e-01
-7.375068749871763800e-01
5.724386175072462100e-02
1.863404470937894100e-01
-6.289233856019679200e-01
7.548063412689674000e-01
-2.845207683849079000e-02
-4.234035744245673300e-01
-9.054942807594516000e-01
-8.148050278238380100e-01
-5.618431775570054100e-01
1.429160958942054800e-01
-9.404048018295237100e-02
5.303152993645141600e-01
-8.425687339006150400e-01
-7.672824736618890600e-01
-5.889800062027109700e-02
6.385989595467778100e-01
2.395595542373406300e-02
-7.783063355977599700e-01
-6.274275736434630200e-01
-8.851553247456978000e-01
2.854783776076295600e-01
3.674263830930682400e-01
8.160823920878692600e-01
-4.909949848555451900e-02
5.758461327234979400e-01
-2.115717581469747800e-03
8.811735697349134500e-01
4.727881806261078300e-01
3.073903456665267300e-01
3.249110518120664800e-01
-8.943958764447598200e-01
5.156664701439326300e-01
8.225237205650310900e-01
-2.398808468326631700e-01
-8.912980510245788200e-02
1.791695383578421300e-01
9.797725013323427300e-01
-9.420518025836439600e-01
-2.705913970353444600e-01
-1.982894276036113200e-01
9.967174816063088000e-01
-2.920051928705321900e-02
7.550888380676906700e-02
3.318239535205609900e-01
6.970308456439092700e-01
-6.356420880424151800e-01
-9.809305934616648900e-01
1.710966912181527100e-01
-9.220137236042653900e-02
-7.408248348993037900e-02
-8.758357728476932100e-01
4.768893840716611500e-01
2.175404743346951200e-01
4.861012670074514900e-01
8.463933484143092400e-01
7.105420052998088200e-01
4.762027732295773800e-01
-5.180356913118884200e-01
-7.113911239404391300e-02
8.601289276603465400e-01
-5.050915308037249300e-01
2.947959647900280100e-01
-9.303417347147707700e-01
2.180816264416325400e-01
7.485972720987276200e-01
-3.274184826149493200e-01
-5.765407717139073900e-01
-6.001711710727725100e-01
5.992040521684407500e-01
5.298575933947324800e-01
-8.112323413644738600e-01
1.294304016055977100e-01
-5.702191328467742800e-01
5.895571741978111700e-01
-7.084403932222606000e-01
-3.879878188847952800e-01
-7.349129335407024200e-01
-3.170474156888033500e-01
-5.994863770926327500e-01
-4.767044453341733300e-01
-8.362164833241693100e-01
2.710993633625826100e-01
3.077261361473874200e-01
9.401479429658941000e-01
1.463778346225876900e-01
9.056512388708351000e-01
4.084531834994252200e-01
-1.138500347865846300e-01
4.316297840103857600e-01
7.303935203812710300e-01
5.293590793971531000e-01
3.500723240096135800e-01
6.106528219779409900e-02
9.347301210898320000e-01
-1.182713555282230400e-01
-9.921599033748004200e-01
4.038084442930153800e-02
8.656633082248026400e-01
-4.033907994078092000e-01
2.964842318681025200e-01
8.843701324010373500e-01
3.278018425596011000e-01
3.323182524802125700e-01
