1.495528285790498600e-01
-2.466283956047805600e-01
9.575011153755473800e-01
1.278661086909551600e-02
-9.877445447320821700e-01
-1.555545464925219800e-01
-3.541070588441947400e-01
-9.348837404681920000e-01
-2.450678854759082100e-02
6.871218733652014700e-01
-4.600128933832348700e-01
5.623625779372956000e-01
5.300298963419322100e-01
-7.637797024245492900e-01
3.683868552867051200e-01
5.252636916900365000e-01
8.003300554249572800e-01
2.890845145898330300e-01
3.016566269294449500e-01
-6.587296830907276600e-01
-6.892593735632032100e-01
-5.613684367396909500e-01
5.110766751454248700e-01
6.508963898768631600e-01
-2.164700023611228800e-01
-8.063226450902281100e-01
5.504403056576378000e-01
-4.131063523174763300e-01
-5.258890202178534400e-01
7.434943712559331000e-01
-5.745185049814870200e-02
-9.712715611212179300e-01
2.309347081568527400e-01
-7.126422697007019900e-01
1.524831231587080400e-01
-6.847553523614096100e-01
-6.145167157657066600e-02
1.130413487842889900e-01
9.916881291643427900e-01
-4.440069149508045800e-01
7.974989720051776100e-01
4.084767424548844700e-01
8.029188194864006500e-01
-8.530159320831166800e-02
5.899533943547478100e-01
8.862843989561846000e-01
1.452726459204467000e-01
-4.397679189233193500e-01
9.627648995568025600e-01
2.664965216995066600e-01
-4.542413569287199300e-02
-9.531921925810302700e-01
2.911478045780026000e-01
-8.159411677307065700e-02
2.013560524684716300e-01
-3.521413979049190000e-01
-9.140307303454757700e-01
-8.017639699644774100e-01
4.271788248022574400e-01
-4.179626635327166100e-01
6.672415183828412900e-01
1.231942470415460300e-02
-7.447395436802850500e-01
-6.865511794770455800e-01
-7.258037257686271700e-01
-4.308630430957381000e-02
5.449656005883691800e-01
8.321952549094651100e-01
-1.022915044445461400e-01
-1.353761927871162700e-01
7.500490704723050700e-01
6.473790839300392900e-01
-4.414620878030007200e-01
1.035308336742497800e-01
8.912870421538342500e-01
8.339012855335139500e-01
-2.423562597580526700e-01
-4.958549075502227700e-01
9.815440403477524400e-01
-1.102570907931749600e-01
-1.562519465083089800e-01
-7.442638027912235100e-01
1.630570542794636300e-01
6.476756818844220400e-01
8.564923595045531600e-01
-4.819014309618554500e-01
-1.849103808531023200e-01
-6.377044815871950600e-01
-2.031907421988842500e-01
7.429983286981696200e-01
-5.224756437572536400e-01
7.769698282594637000e-01
-3.511938035542528400e-01
3.280438062984807900e-01
1.031969215988803000e-01
9.390088692455036400e-01
-1.292680866324755200e-01
-1.499362688857646700e-01
-9.802085885417422000e-01
-9.134194072750854200e-01
-3.331739569931130900e-01
-2.337949973690259500e-01
3.261174595405500500e-01
4.016995223748671700e-01
-8.557364642847827800e-01
-6.859261656605886200e-01
-5.978381420663000400e-01
-4.148431645247120900e-01
-1.556943641109903600e-01
5.518348398106051000e-01
-8.192908973955943500e-01
-9.257303713582386600e-01
3.287284006725643700e-02
-3.767527782656026600e-01
5.566905991071371400e-01
-3.649801449440073200e-01
-7.462473253971422200e-01
-7.145473178341084100e-01
-4.965677128998333100e-01
4.927906625348236800e-01
-9.268797799577571700e-01
2.199388880389009600e-01
3.041722522415075100e-01
1.712606123763732700e-01
8.817557354892687800e-01
4.395186293892995900e-01
-5.015334697097837400e-01
-1.321837380672392400e-01
-8.549804899244409800e-01
-2.430314966587895900e-01
-2.321003746539386200e-01
9.418413389299125100e-01
-1.791731524518680200e-01
8.244300240941693200e-01
-5.368539063959088000e-01
6.231176288063764400e-01
-7.785411713934912200e-01
-7.482021863085869300e-02
-3.023700342199885400e-02
-5.688931867879153400e-01
8.218553800093714200e-01
-7.653715227809876300e-01
-2.553252690923646400e-01
-5.907752864489370600e-01
4.049435878897130200e-01
6.445234940278719000e-01
6.485446447802265500e-01
5.101770645793243200e-01
7.161279098187409700e-01
-4.763194091739966800e-01
-8.848417184233793300e-01
-1.457540964947490500e-01
4.425052278703162100e-01
-8.854508840260773000e-01
-4.422142450277296000e-01
1.429100887691051000e-01
-3.888978643951080900e-01
2.429932903478087500e-01
-8.886578148617553200e-01
-9.135266936941327500e-02
-5.897212460632865700e-01
-8.024235426136545600e-01
-4.746226077724428600e-01
8.798271803893172900e-01
2.524901660401535400e-02
6.349484395141994400e-01
2.394583506850701800e-01
7.345067579305645200e-01
-5.276464598901327000e-01
-7.906254455075514300e-01
3.106454864977062900e-01
3.285482965303649400e-01
1.864757589183273200e-02
-9.443030682785870100e-01
-7.553509501275140800e-01
5.754081077100297000e-01
3.136087558137123400e-01
-7.668032651524306900e-01
6.372886866838973800e-01
-7.665430435588338500e-02
7.971246821055303400e-01
5.974855077699974300e-01
8.719695627133880500e-02
-5.777314881540270000e-03
2.232912887965533000e-01
-9.747346423413574300e-01
9.209542768836969100e-01
1.929699728962117900e-01
3.385347979899000500e-01
-9.956873767904050900e-01
-7.544533894119588600e-02
5.398748495985135300e-02
5.190642211498284200e-01
-2.211982991523207000e-01
8.256171308628731400e-01
-2.396660704013515700e-01
4.399667603111031600e-01
8.654417510842232800e-01
1.742206536564182300e-01
-8.369556665905740800e-01
5.187989745570612500e-01
-4.673088272352538500e-01
-5.024972286355908800e-01
-7.274056606884238300e-01
1.531064492336802800e-01
4.502628133741575200e-01
8.796714239393270700e-01
-3.726841670772724200e-01
-8.352167847632451200e-01
-4.043753628247728800e-01
6.571049326391561500e-01
3.921597123502255100e-01
-6.437576154972292100e-01
-5.169233238956810700e-01
5.395862373227925400e-01
-6.645577248851087800e-01
8.122674227330483100e-01
-5.478703001684471800e-01
2.001493646253899600e-01
8.007587210745352700e-01
5.183236874125106700e-01
-3.002099693384158200e-01
6.224872204175813100e-01
-6.304172086883920200e-01
-4.637712835076467900e-01
-1.432169229289146100e-01
9.652035177971191000e-01
2.187946119511169900e-01
1.718993818270213300e-01
7.159233084505911600e-01
-6.766863519716115300e-01
2.084700784578307800e-01
9.209206036936621300e-01
-3.293105951534005500e-01
9.559919254767870200e-01
-1.830767878997316100e-01
2.292647555894758400e-01
-1.489966244433218700e-01
9.733649406590559900e-01
-1.742432156506768000e-01
7.246727108630597300e-01
5.098614563498201600e-01
4.635631105461529600e-01
1.414003419885367800e-03
-8.515851888321724900e-01
-5.242143328410640000e-01
2.163842659088054100e-01
9.744559396396161900e-01
6.011215491213182200e-02
3.547808493788053300e-01
-5.685261833923350700e-01
7.422321252218866400e-01
3.448665317240776600e-01
-8.770084021264167300e-01
-3.345494550829146200e-01
3.112372783954496800e-01
-9.453835809434593100e-01
9.685680884437153400e-02
