-7.316810154296244900e-01
4.769073797971865600e-01
-4.870341289425780300e-01
-2.134004313358159600e-01
4.734735825664062000e-01
8.545659848820454900e-01
-5.521443678832227400e-01
2.709626102988096900e-01
7.884896073093747800e-01
-4.689258009216231100e-01
2.203129482726969800e-01
-8.553191205938320800e-01
-9.401002737099091200e-01
2.260908780411681800e-01
-2.551360230095461900e-01
-6.383997163454678800e-01
-1.187808612084158300e-01
7.604846541388020600e-01
-6.341786694500718400e-01
-6.419697713563127200e-01
-4.309202105718182900e-01
-7.905242183476926000e-01
3.748252334708744300e-01
4.843320189284147100e-01
7.911185500876337700e-01
1.222057084454141200e-01
5.993306303957727200e-01
2.263580325116328100e-01
-1.278213196844526200e-01
-9.656209149306925800e-01
4.221869497180903400e-01
-8.942859541821562800e-01
-1.483604112971009200e-01
4.211069378366424200e-02
1.924023486146191300e-01
9.804121713425619800e-01
-8.436117183883596900e-01
-5.254673664963178700e-01
-1.104686170152566600e-01
8.860832484569086700e-01
-2.925609645373092900e-01
-3.595338076357377800e-01
2.679345065741798300e-01
9.622686696451648900e-01
4.743529915764684000e-02
-3.554016253950865200e-01
-3.868493087019327900e-01
8.509038118514733500e-01
-4.450765976346161600e-01
8.137063889491145100e-01
-3.738833171209788300e-01
-1.247636937986251300e-01
9.586935050368903300e-01
2.556184346047931100e-01
3.510335295856363300e-01
-5.777798984019447800e-02
9.345786028990159500e-01
-4.724568969657252900e-01
-1.797562880942869500e-01
-8.628279998934212900e-01
2.710948237164040900e-01
2.678050086875240500e-01
-9.245474968199562900e-01
-9.073183238530101400e-01
-3.446693373237402200e-01
2.407831121764521500e-01
-8.718245762522258700e-02
8.291388408055828700e-01
-5.522028628592944300e-01
2.851119182361878100e-01
-4.959601082090598900e-01
-8.202040996879612600e-01
-9.468114237134904700e-01
-1.736981406248689600e-01
-2.708820478900301200e-01
-8.398922509228694300e-02
9.863702077524000300e-01
-1.414907181651311700e-01
-1.466203648565134500e-01
1.522141309689564900e-02
-9.890757186346638100e-01
5.724628594006203600e-01
7.849292521873152400e-01
2.370070540459245900e-01
3.389202601481928800e-01
-7.468584385900650700e-01
5.721324409329464600e-01
-3.764097107982692400e-01
-7.017381402572530100e-01
6.048795848142465300e-01
-8.326279817887358200e-02
-3.775737454046723700e-01
-9.222284821130346500e-01
8.076267948604485300e-01
4.410859223639330700e-01
-3.913849375177810300e-01
9.798952473211508500e-01
-1.987011745106074300e-01
1.797630455699464300e-02
-2.858441851486854000e-02
-7.134463063304635800e-01
-7.001266306901811100e-01
-4.403918404118695200e-01
8.976381563944378900e-01
1.734263773020535600e-02
5.004488624220107000e-01
2.934796810680696000e-01
8.145063614857158700e-01
-6.944839746742685900e-01
-6.831929069174571500e-01
2.256977200999266700e-01
-4.104196858225029300e-01
5.844253549433471300e-01
-7.000019185607285800e-01
5.859407936080803800e-01
7.938276454853295800e-01
-1.628221595764869900e-01
-6.913948326794155900e-01
-4.595326433947139500e-01
5.574970268968881800e-01
8.237107651272571600e-01
-5.549264438901182500e-01
1.164354640345296200e-01
-4.912500083346237900e-01
6.231584907582060600e-01
6.085613565674270500e-01
5.318265848386124500e-01
-8.154915118538470500e-01
2.283288806814090500e-01
-5.283892134541379200e-01
-8.429194384151710300e-01
-1.014478163745791700e-01
-3.924349544653502100e-01
-5.509285751559943600e-01
-7.365273325480628000e-01
-1.178747262691755400e-01
4.056821667884251100e-01
-9.063815578754984600e-01
1.810523045489562900e-01
5.342804167275049300e-01
8.256903168373696000e-01
4.278342978701946100e-01
-7.407936939021420000e-01
-5.178634150437133600e-01
8.456330690358944100e-01
6.744474800597523300e-02
-5.294864667952758900e-01
4.958132811011698400e-01
6.298765069003061700e-01
5.978501286599853200e-01
-7.744892400717433600e-01
1.031908658792214400e-01
-6.241138215199133500e-01
-9.966966578422739000e-01
1.128221903617386600e-02
8.042688468205644300e-02
9.739834803383543600e-01
1.588212082160418400e-01
-1.616539632943878600e-01
-7.470532536894645100e-01
-2.951920304669449200e-01
-5.956283247972573600e-01
-3.581208225951090800e-01
-8.977513097492320100e-01
2.564996340491362300e-01
7.947473945327499000e-01
4.673186692532035300e-01
3.872852182188477600e-01
7.193653808661341100e-01
-6.440040735115968300e-01
-2.603309472801718100e-01
-2.948730156872704200e-01
-8.540781981097807000e-01
-4.284860979460655100e-01
-9.101024912203986600e-01
4.012808054661924400e-01
1.033787726703508900e-01
1.716959321485154500e-01
-9.731057235480512500e-01
1.535765531638086700e-01
6.103348360527464100e-01
3.285035443615677000e-01
-7.208167653726949000e-01
1.850589258901165200e-01
6.225628717649008800e-01
-7.603740294409298000e-01
5.876267128080147100e-01
-6.164882002862812100e-02
-8.067801865338071200e-01
-3.019505952149442000e-02
-8.742086134407747200e-01
4.846107289015088600e-01
8.454992923727344700e-01
5.339615295208985900e-01
-4.003946666468155400e-03
-1.231218873925928500e-01
7.799395005011958700e-01
6.136247847038374100e-01
6.473840283036751400e-01
-2.287315133991140700e-01
7.270321964503754200e-01
-8.856887346947318600e-01
-1.332183236915786100e-02
4.640883472111457200e-01
6.770621292246490300e-01
-5.494508566020842600e-01
4.895820966385726600e-01
2.487105933103702100e-01
9.039118163198350800e-01
-3.479748110030098700e-01
9.702266215795848900e-02
-9.195007090671565300e-01
-3.809265664833302900e-01
-3.192971810621441500e-02
-6.140334218462103500e-01
7.886339137758987500e-01
3.276311635050426800e-01
-4.443283375178748200e-01
8.338046229057102200e-01
8.869437763372550700e-01
-2.190007803957735300e-01
4.066563608289576200e-01
-3.073744678663367100e-01
-3.502350720325609200e-04
9.515885738276185200e-01
6.370126816175436500e-01
-4.238022709129195500e-01
-6.438994320757539500e-01
2.226421181330766900e-01
8.725846213435024500e-01
4.347718549170743700e-01
5.131990396885715000e-01
6.700525537753780900e-01
-5.363360148655154100e-01
-1.550582653893819400e-01
-9.848912287518927200e-01
-7.711161950071582200e-02
-6.782760384644163100e-01
6.870372562672201200e-01
2.606173903365386300e-01
9.617935208776859900e-01
1.359098972438546600e-01
2.376588374726870700e-01
2.980096582772077300e-03
-2.524367944853980700e-01
9.676087968876132500e-01
-7.316183402081415400e-01
6.681095637468207300e-01
-1.355146305795685600e-01
