-2.960836458509361600e-01
-5.952731397177801100e-02
9.533052887459100300e-01
8.311563441427264300e-01
-2.741213123422963100e-01
-4.837733329887409200e-01
4.060689518654731500e-01
-8.158356124116192800e-01
4.117283811590283200e-01
-8.869531575967537500e-01
4.552659704095107200e-01
7.776241004646596000e-02
9.860450227081059000e-01
1.651980535799424400e-01
2.061107192674361400e-02
5.332238208523640800e-01
6.049515045723740100e-01
5.913594794972232300e-01
-7.595002736300200400e-01
3.705312600367293200e-01
-5.346643056082184300e-01
6.629965692755465100e-01
-6.671162219511167500e-01
-3.396932374047559300e-01
3.027808705901087200e-01
2.825176521068886200e-01
-9.102238849056352200e-01
-7.522405226504194100e-01
-6.489845883163887200e-01
1.138121268162205800e-01
4.276229718473108000e-01
2.594129860111660200e-01
8.659350418115927500e-01
-4.219937515507096700e-01
3.563830328258192900e-01
-8.336140639204865400e-01
9.412242350762933800e-01
-3.339958435731874600e-01
-5.043526326769196000e-02
-3.683141464677420800e-01
7.222538672650430400e-01
5.854007522479178800e-01
-1.771820676701584800e-01
9.524634810998124900e-01
2.478302484914922100e-01
5.553220423199181600e-02
6.777138816961066900e-01
7.332257966339781300e-01
-9.677513717634356200e-01
1.250156636323263800e-01
-2.186969736794679200e-01
-2.949622964171083600e-01
9.369645603020019300e-01
-1.873356784769580600e-01
7.150081141807287400e-01
-6.907607603954704100e-01
1.077634843237240300e-01
-7.957759893401581400e-01
-5.139531817538258700e-01
-3.203009549701834000e-01
2.480603061085311400e-01
8.892159899444038700e-01
3.843969403631299900e-01
5.533890337278826200e-01
8.309355958433841700e-01
5.750315565358604000e-02
-8.323374146364113100e-01
-3.407804105292673900e-01
4.371305754530089300e-01
-5.306077896988447000e-01
-4.993270461098085500e-01
-6.849291018303718100e-01
-6.748286295573661100e-01
6.988388046573385000e-01
-2.371300188395165400e-01
3.745591463359531500e-02
8.733990715613927400e-01
-4.855626800472397900e-01
1.477281292414213700e-01
9.870085218627532300e-01
-6.317101868050729900e-02
6.418808905510533500e-01
2.207078600471021700e-02
-7.664866618216660300e-01
3.978681664065816100e-02
-9.800866557022421800e-01
1.945434566774148500e-01
-5.960581115865724000e-01
7.776384862939327300e-01
1.999827798744939500e-01
8.189499149071795000e-01
5.186122757717390700e-01
2.456874931541717900e-01
2.741009397296231800e-01
-1.665361545512975000e-01
-9.471717817094236200e-01
-2.780880682222414100e-02
5.751147430354309800e-01
-8.175999649011823600e-01
-1.343086346228112000e-01
-3.567194635601214600e-01
-9.245065791994860900e-01
-1.271432905531169900e-03
-7.965586697459964300e-01
6.045598970415219100e-01
-5.137355998992734800e-02
-9.676365343287421900e-01
-2.470633416074156700e-01
-3.785062773168338400e-01
7.243127039880722400e-01
-5.762847428773727500e-01
-7.296842774915440800e-01
4.659914266070407400e-01
5.004126752095498000e-01
-1.311648065911380800e-02
2.917585755305230300e-01
9.564020553823163700e-01
-7.095761651686376400e-01
6.788814592380933200e-03
7.045960387491550000e-01
-9.650191852112126600e-01
-2.618425376300198600e-01
1.328373673929473400e-02
1.876488510954544300e-01
-1.117217669207344300e-01
9.758617501873230200e-01
8.066280073641413100e-01
5.548206283787631100e-01
-2.037776436735625800e-01
7.035927713590713900e-01
-4.921303884025685100e-01
5.126059821168679200e-01
-4.919399536570771000e-01
-8.806021228583216200e-02
-8.661642344313501600e-01
-9.419809442470576900e-01
8.228221026932437700e-02
3.254251658194499100e-01
8.915472226560075000e-01
1.684008447403527700e-01
-4.204577330304379300e-01
-1.425710636709990900e-01
-7.288408634890194400e-01
-6.696749118134114300e-01
6.200847048782495200e-01
4.543842453178774100e-01
-6.395544670963977400e-01
9.259393120756489500e-01
-1.334219354400405200e-01
3.533199364546354400e-01
5.960151124665074000e-01
-1.518382866703713000e-01
7.884866012891677000e-01
-9.042697426648697900e-02
-4.552828451034510200e-01
8.857429047299872900e-01
3.356831566803589200e-01
-5.452049487060201000e-01
7.681590865358397500e-01
4.699245391546654800e-01
7.946549447053787900e-01
-3.843103516112555400e-01
5.047543622825422200e-01
-4.792253272396508900e-01
-7.180293305212495100e-01
3.820283954346833100e-01
-9.194600102022422200e-01
-9.299244442691978500e-02
7.790924897639653900e-01
2.244621657968657600e-01
5.853474425665204900e-01
-3.902209585715383800e-01
-9.177972436278956100e-01
7.332000464093750600e-02
2.740067039044186100e-01
-8.107798308704732300e-01
-5.172585350374446800e-01
-9.586709544561597400e-02
8.770472868389028700e-02
-9.915227584767313300e-01
-4.595336301993776000e-01
-8.120660630202120000e-01
-3.596909117654142300e-01
-5.188031829555926900e-01
-3.987004795075384000e-01
7.562282624946021800e-01
-4.358240317635043700e-01
-7.541711644119746300e-01
4.912059324834041100e-01
-8.189727445038246200e-01
-1.316083430369524900e-01
-5.585363800173998000e-01
-4.414926893426822100e-01
3.483409411275499300e-01
8.268874131291024100e-01
