-9.043968362093804900e-01
-4.712102922827895300e-02
-4.240825052497814700e-01
7.579041096023260100e-01
-4.779746072497377800e-01
4.439838234354542300e-01
5.186113458530631200e-01
6.584866458368690000e-01
5.453784091866713500e-01
-9.758198481562423400e-01
1.783008450106441900e-01
1.264295559306386800e-01
-2.842497266613560100e-01
6.590709949086726000e-01
6.962955669563298800e-01
-6.371397606595642400e-01
-4.914860355240509000e-01
5.937123901953913500e-01
-6.753234305491113700e-01
6.332323981010775600e-01
-3.780938959392733400e-01
5.076757944270672300e-01
-6.224943708828475400e-01
5.956224021744096500e-01
-1.155053957511041300e-01
7.205025031999544600e-01
-6.837650520719674700e-01
1.344149127622968600e-01
-9.053725362016165100e-01
-4.027818291817008600e-01
1.077133810978114800e-02
5.824060703317692800e-01
8.128266405058529600e-01
8.282976033884158500e-01
-1.449260450249969200e-01
5.412204002940199700e-01
4.740306555018395500e-02
-4.344042671982117900e-01
-8.994697782674133700e-01
-4.157161093399275900e-01
7.198847063522195700e-01
-5.558292237688229300e-01
-6.687499980007476400e-01
7.401981760988661800e-01
-6.985771449104240200e-02
8.829679347250123400e-01
-4.390358931022860200e-01
-1.661779492451522800e-01
-8.110776936480995600e-01
-2.169875749355658100e-01
5.432028784810165600e-01
6.693155612701070500e-01
7.251847375319564500e-01
-1.616285120032643100e-01
1.194077675870039400e-01
9.922598770272739200e-01
3.408990292898195200e-02
1.125007043735464500e-01
3.026036830196324700e-01
9.464536980425455300e-01
-1.850769753126673400e-01
-9.427374102646932700e-01
-2.774755637827120400e-01
-1.474624251462489900e-01
8.989738431466232100e-01
-4.124328581820047600e-01
4.556212634516758600e-01
6.242970760330525100e-01
-6.345568730596806700e-01
-1.788690373289358300e-01
9.790170299269775900e-01
-9.762951704264187500e-02
-4.999844527404533900e-01
-4.133591390151965000e-01
-7.610189020060177400e-01
-5.476255310580739900e-01
3.540373569665268800e-01
7.581318009459295800e-01
6.088240265498461300e-01
-7.325726257079311400e-01
3.044185486448217600e-01
9.170309610013912500e-01
3.651878723051736900e-01
1.602873497381658000e-01
3.424403480547223400e-01
-1.632834894101068400e-01
-9.252421899752626400e-01
-9.013997566650335800e-01
7.411313305953780300e-02
4.265978459771188600e-01
6.337910524048394600e-01
-7.732842174805240100e-01
-1.845049828865888800e-02
-3.169968403912054600e-01
4.960623493895248100e-01
-8.083533563362854700e-01
1.828362091239089400e-01
9.202485761164414000e-01
3.459963566121189700e-01
1.334368117931365200e-01
5.583632328904949400e-01
-8.187949177996637400e-01
-7.930979213714174400e-01
3.776498414822148700e-01
4.778873134377967800e-01
-4.352874998980427700e-01
-6.983991433937021300e-01
-5.681227234845079900e-01
-5.885117135425671500e-01
-2.066285302513517500e-01
7.816384160910707600e-01
-8.352444194293724700e-02
-5.852627144497201100e-01
8.065303606641639500e-01
-6.498211186178143300e-01
7.160254094338571700e-01
2.550296587524081300e-01
6.730089890533755800e-01
6.518226431467610800e-02
7.367565222460981100e-01
-4.530732758865455600e-01
7.029979549233193700e-02
8.886971055602525000e-01
-2.494320445838607600e-01
3.946389344574168200e-01
8.843323846524165900e-01
-2.530556117414208300e-01
-2.018525744898996800e-01
9.461598150090579900e-01
-7.266526727915637600e-01
-6.789928766511685900e-01
1.046162825847271300e-01
-8.599188378043544100e-01
4.794492229725514400e-01
1.751229139211233100e-01
4.382384387251532200e-01
8.180290225732490500e-01
-3.725259575540944000e-01
-2.201210750494954300e-01
-5.810059236080371600e-01
-7.835680117586642000e-01
-3.666353810497344200e-02
-8.438259286037205200e-01
5.353630424204626200e-01
3.281815607651287200e-01
-8.402078349399425500e-01
4.316800403994821600e-01
3.385471092595229200e-01
-4.300507227051786900e-01
8.369242682063737800e-01
6.227474271055041300e-01
-3.376889444712584700e-01
7.057987098425174700e-01
2.157171623343391300e-01
7.515536533562732200e-01
6.234045331895327100e-01
-5.651384607076800300e-01
-7.304587785417955300e-01
3.834690249292402900e-01
1.835993988694561700e-01
7.963411309166271700e-01
-5.763090004027369200e-01
-4.748050073815030500e-01
-8.787592937146039300e-01
4.839740360454886800e-02
-7.447429037023254300e-01
-6.308642419219411300e-01
-2.176426328853876300e-01
-1.662705046250075300e-01
-9.850270836798146200e-01
4.556054991969266100e-02
-4.949583938534500800e-01
2.242977668181043200e-01
-8.394681055015874600e-01
-7.319976605052974600e-01
-2.102418930446358900e-01
-6.480569198949883700e-01
-3.838308277232772600e-01
8.290866940584151700e-01
4.065576827764441100e-01
-2.471868453773720900e-01
-2.882137109851820000e-01
-9.251116258444346300e-01
8.227468423939847400e-02
-9.631954937457578600e-01
2.559009909343321600e-01
4.872206458325866700e-01
8.305356515879001000e-01
2.698639911435749000e-01
4.017364875977286800e-01
3.734092778930681000e-01
-8.361658362526046600e-01
-4.348277035201177400e-01
8.614318012202348800e-01
-2.624121188091024200e-01
3.959045838311748800e-01
-7.532789498914004300e-01
-5.251955675288715300e-01
-3.853539656552394400e-01
-4.614139446766886700e-01
7.991242036202371700e-01
8.264095037970983200e-01
-3.186995822887112600e-01
-4.641959804682015400e-01
7.816899495915478100e-01
1.710830189248748300e-02
-6.234325374199835000e-01
7.068102904507735900e-01
5.555791634684828000e-01
-4.378938300919004700e-01
-9.627371933420395500e-01
1.824564720422003300e-01
-1.996164631632526300e-01
8.706569850052773300e-01
2.749603579177658500e-01
-4.078642127415132400e-01
-8.023653780798591100e-02
8.474152694577809000e-01
5.248327915540190700e-01
-4.322069186479798300e-01
8.971620872268858400e-01
9.108989359702005000e-02
6.107926512001037300e-01
3.825616816370471200e-01
6.932379800494078400e-01
-1.289907522060016500e-01
-8.109605199888811900e-01
-5.707051961080199500e-01
-4.903586627240925600e-01
-8.274907483903913800e-01
-2.735094938384219900e-01
-8.251512855475219300e-01
3.489844943617705400e-01
-4.442242436589110000e-01
2.568598640212509100e-02
-1.222658302192420700e-01
-9.921649544623865100e-01
-9.881799129533900300e-01
-1.239403671065316500e-01
-9.021776453076527100e-02
6.879493722324061500e-01
-6.529160072305964000e-01
-3.169011655817856000e-01
-5.058520724288215800e-01
-1.014028676139782800e-01
-8.566394453088932400e-01
2.040184389808798700e-01
-6.906551861616132500e-01
6.938096932040316300e-01
8.218906043671822000e-01
-5.538738551906423600e-01
1.331149390158871100e-01
-6.775905047771686700e-02
3.322251648421944400e-01
-9.407630684311194500e-01
-2.886780260077826400e-01
-8.969230128009499900e-01
3.349538869879211700e-01
-8.595421866237046300e-01
4.882190875326497500e-01
-1.510938515722183600e-01
5.034398081284566200e-02
-3.220296333241446400e-01
9.453900776171880700e-01
-1.427917469972178100e-01
1.029011513718837400e-01
9.843890846793371700e-01
1.319429315035047800e-01
-9.874370159840750700e-01
-8.694367309199084500e-02
9.869152358092073700e-01
-1.556026148403054900e-01
-4.226279193943793100e-02
7.374510477073762400e-01
6.584295208514946400e-01
1.504543728396237100e-01
9.760282731466200000e-01
4.845340462271224100e-02
2.121817089168966900e-01
-2.444484832775676000e-01
5.920246555696768300e-02
-9.678532983336228800e-01
1.604513539593616400e-01
-1.764683740726398500e-02
9.868859874079321000e-01
7.658198174716029900e-01
4.832121803810461300e-01
4.242947040668267300e-01
4.244403044393466100e-01
9.044943665254818700e-01
-4.171772873853659600e-02
8.553342241121898400e-01
1.757924682662834700e-01
4.873401000977101700e-01
-6.003132849259764600e-01
4.674082836736399600e-01
-6.489633705338426800e-01
9.275693596692142800e-01
-2.711197139100933700e-01
2.571170623123891800e-01
6.743816374937025000e-01
3.225888074430650100e-01
-6.641881272077767600e-01
6.076089802309481100e-01
-5.173211435201956500e-01
-6.026526044162294800e-01
3.588998628109217900e-01
-4.673612977694213100e-01
-8.079383057025976100e-01
3.266763349666334500e-01
5.013951941580342400e-01
8.011775280473081300e-01
4.163934129190803300e-01
1.996019809894098400e-01
8.870037062282794000e-01
-3.298187277080553100e-01
-7.210343590567434000e-01
6.093677542442420500e-01
9.816865199690515400e-01
1.669010962698461400e-01
-9.184552561217558500e-02
-6.928495654184536600e-01
-5.053523483999953200e-01
-5.143719312579854200e-01
3.759748061162353500e-01
-9.190050131712977900e-01
1.186285418096427600e-01
9.387275672742653200e-01
-3.745580298895877200e-02
-3.426187637327997000e-01
-9.564421408558769800e-01
-1.802090203039169400e-01
2.296587472667421200e-01
-8.865723917587002800e-01
-3.496071467408481400e-01
-3.029261248538675000e-01
2.023203832306016100e-01
1.510315173848737500e-01
-9.676031951610355500e-01
-8.241121857973776600e-01
-4.618697255357059900e-01
3.278955044733615800e-01
-9.064910505132499600e-01
-4.219704332713639600e-01
1.466044965756367400e-02
-7.439291522762450100e-01
1.159204384344867500e-01
-6.581275471720539100e-01
8.710284050526999600e-01
4.691583481422751900e-01
-1.456020671548368900e-01
6.134180342495300100e-01
-2.291962854139302200e-01
-7.557693947295687200e-01
1.503143473472560700e-01
9.459250353934637300e-01
-2.874568217966707000e-01
-7.150132504788510000e-01
8.125431011063181900e-02
6.943729464258477900e-01
-1.427257417462511300e-01
9.635377475157893600e-01
2.263280180516359700e-01
5.423238999708999100e-01
7.891050733050201900e-02
-8.364555692642593500e-01
1.373737709076929000e-01
-6.874358430457355700e-01
-7.131342151114330500e-01
-5.722984816080197700e-01
6.061145472542781600e-01
5.523582203207414400e-01
4.082761890387184800e-01
-8.842940529931643300e-01
-2.265713602928302300e-01
4.509084228003679700e-01
-1.248865662354200100e-01
8.837900994136620400e-01
