3.405034724037452300e-01
5.460468904680794200e-01
7.654346338461132100e-01
9.756102373207475900e-01
1.016489463873295100e-01
1.945563068453459700e-01
-5.112521653928619300e-02
-4.054203589310048600e-01
-9.126995917595595000e-01
1.981499488295786600e-02
-8.909787585699218100e-01
-4.536124091721801500e-01
8.843262823388821100e-01
-3.789516390551565500e-01
-2.726952174536663700e-01
-3.180353092297954500e-01
4.443869345248249200e-01
8.374806233619600500e-01
-1.807977125078729200e-02
8.137540128492311000e-01
5.809281611725263300e-01
-5.991179961578819700e-01
7.580609809003234800e-01
-2.576842562443498200e-01
1.128502311667378500e-01
9.493597506634142700e-01
2.932249804261461400e-01
9.864624738954025400e-01
-1.618780530839026300e-01
-2.621609288066340700e-02
-7.267807168810073200e-01
-9.421693937956504600e-02
6.803770703836782300e-01
5.016833923018151300e-01
-8.524320207742671600e-01
-1.472189656506343900e-01
6.010638088046159300e-02
2.611820680162956200e-01
9.634163950879101000e-01
3.769215536080092700e-01
-8.018038462832596200e-01
-4.637248478474014800e-01
5.788280440593363000e-01
-5.050852571952339100e-02
8.138838886721393400e-01
5.250492653530421900e-01
-5.518960856320246400e-01
-6.478687981499645600e-01
-5.974645942021568300e-02
7.766861340716820800e-01
-6.270478528210855500e-01
9.146034209513209700e-01
-6.076536111191090800e-02
-3.997601196631299100e-01
-9.593654213020583700e-01
1.859335829564980900e-01
-2.122420578935365100e-01
-1.722520902936952600e-01
-9.686430963474941300e-01
-1.790524205024660000e-01
-3.186712186132887900e-01
-8.300282446537359200e-01
-4.577136304552876800e-01
-9.057190092011099300e-01
-8.674456811706825200e-02
-4.149077683943061500e-01
3.251314113037115400e-01
4.580508518967570900e-01
-8.273324497808073300e-01
2.437351198325138600e-01
-6.831346414697229100e-01
6.884186611243650100e-01
-7.904796966231951700e-01
4.977637062819722000e-01
3.568937403975249700e-01
-2.931296958398619300e-01
9.237105631589724900e-01
-2.466450423693210500e-01
9.763524090414751300e-01
1.610381737353028500e-01
-1.442313418051244800e-01
8.557553620179643200e-01
5.854205988240884800e-02
5.140579613255954500e-01
-5.580168478271333400e-01
7.512327365185820200e-01
3.525146424247830900e-01
-9.112843871494192800e-01
-3.915242475167000100e-01
1.275520652290249000e-01
-2.569843468968921500e-01
1.280366479256089500e-01
9.578964778293902500e-01
2.336041586019654300e-01
-9.835413923990218900e-02
-9.673445923652263000e-01
-9.568215700661119000e-01
1.340706237346942500e-01
2.579099666697871600e-01
8.020311205141046300e-01
5.486144145042398700e-01
-2.361531408325112100e-01
3.355114060934499300e-01
-9.310438728330963100e-01
1.434900806367650500e-01
-9.963450337649046900e-01
-8.532527211596889500e-02
-4.021396566730424700e-03
-5.619487794459016000e-01
1.796300039457796600e-01
8.074321215815609700e-01
-3.432058549126780200e-01
7.076696952886695200e-01
6.175867093159466100e-01
1.500100526867561300e-01
-8.901654064456352400e-01
4.302354393357129000e-01
-1.938467348982955100e-01
-8.845461498534418200e-01
4.242658979327970100e-01
-3.516608535761023300e-01
5.193150708701518300e-01
-7.788751512464988600e-01
-7.615176859839037900e-01
-4.938180206131336800e-01
4.198030210127688400e-01
4.429888489707403700e-01
8.720685077998882000e-01
2.079841277387651200e-01
5.488743760030172500e-01
-5.300876538662914200e-01
6.463311833617727500e-01
-1.087632404736032400e-01
-7.553964539256491400e-02
-9.911933814829712000e-01
-5.848331324903867100e-01
-4.067827955823792900e-01
7.017819920457250000e-01
7.377757868328201900e-01
5.001639995621931500e-02
-6.731903505685688000e-01
5.853036287879572800e-01
6.515448594000992100e-01
-4.826064217527095700e-01
-2.769918941778390400e-01
-4.499708736870830500e-01
8.490004142478707600e-01
4.739989247978019800e-01
-7.754240718524559900e-01
4.171840458146559600e-01
8.523121155436735900e-01
2.783194545718627500e-01
-4.428344373513519200e-01
-2.273912079379653300e-01
2.436666351582624500e-01
-9.428254395502718700e-01
-5.784064905752953600e-01
2.607497210120765500e-01
-7.729524659721935800e-01
1.151344598472329500e-01
2.245538159150565500e-01
-9.676361092444167900e-01
1.714443852552225700e-01
-9.727777256444941600e-01
-1.559176681918514900e-01
-4.364928683266854900e-01
-2.594355969296412200e-02
-8.993335908384610900e-01
7.536671237936586300e-01
-3.032014174400428100e-01
-5.831421498870949000e-01
-1.063473537256577900e-01
-1.805358103262629500e-01
9.778021586933574000e-01
1.536325171029991900e-01
-6.948955195762593900e-01
-7.025078409252363300e-01
6.667863394541678800e-01
2.877251304137969900e-01
6.874665278002084500e-01
-5.988672588889739600e-01
4.788673928689383700e-01
6.419065557210899000e-01
-9.133112152260435300e-01
4.042388412043566000e-01
4.953365930442219700e-02
-3.992609298514574400e-03
-9.902258158443111300e-01
1.394162569661731900e-01
2.198289956454633200e-01
9.749914422173532300e-01
-3.266343944584666100e-02
2.109096435182998000e-01
-4.768037159568725600e-02
9.763420017777997300e-01
5.369254823741043100e-01
-1.856439155242801700e-01
-8.229504013038389000e-01
-4.259762585880913500e-01
-6.891213223397126800e-01
5.862218267994270300e-01
-9.924196226934253700e-02
-7.051590489343493300e-01
7.020696180799553800e-01
7.546974247860724900e-01
-2.578998083660739000e-01
6.032573960309254300e-01
-7.075203876392418500e-01
-6.202600752243935300e-01
-3.386625756670592600e-01
-8.034853637722968500e-01
2.165648167070664000e-01
5.545366988471861500e-01
-5.087322444207443800e-01
-5.951547966975878600e-01
-6.220789913302688900e-01
-7.217655327593600600e-01
6.898411693523607300e-01
5.633539550908203000e-02
3.196151550097060000e-01
7.927122987989607700e-01
5.190889750524363400e-01
9.038790950449084900e-01
4.224774302028155300e-01
6.719674478739762200e-02
-7.492376609399402600e-01
-3.579718907132263300e-01
-5.572244187833527200e-01
3.737993331748734600e-01
8.699224789555257700e-01
-3.217280515060706400e-01
9.259210620075628600e-01
-2.194316482893527400e-01
3.074409515009426400e-01
4.590030808795882400e-01
1.450582096311507400e-01
-8.765125712513491800e-01
-5.845814339476943500e-01
-7.581465122872037600e-01
2.889263106579363400e-01
-1.877382349464866200e-01
-6.605975504176543300e-01
-7.268873582071521100e-01
7.658212111923075000e-01
-5.190183364583491600e-01
3.796548944870263300e-01
-6.424022787473452300e-01
5.231708939862500500e-01
-5.600102927142020000e-01
-1.584420254871122700e-02
5.213019231991170600e-01
-8.532252141811663700e-01
-3.876528788253909000e-01
-3.638051605154970500e-01
-8.469775975317648300e-01
-4.515787708844513600e-01
-1.447871280837546600e-01
8.804051915043134000e-01
-1.159065562106031000e-01
9.924539713783132600e-01
4.000981033212457800e-02
-2.503996443046204200e-01
9.048805446347437700e-01
3.442255337328265500e-01
6.263099634826774200e-01
3.752509565694509000e-01
-6.833173122613237500e-01
2.810765329439314200e-01
7.306293310108277200e-01
-6.222352957643029200e-01
-3.423175013357426200e-01
-9.321850148115220500e-01
1.176852855717151800e-01
3.748515431585875600e-02
9.396194128215483700e-01
-3.401620529318416000e-01
-3.888842244382105800e-01
7.536596869469754900e-01
-5.298736983980978400e-01
-8.242178262574608700e-01
4.982449649339368800e-01
-2.691039386508608000e-01
7.147119180536125600e-01
6.619457486102341400e-01
2.258643400117932300e-01
-7.466021698595870500e-01
-6.652707662083594500e-01
8.711772963877435300e-05
-9.013644288472013600e-01
-1.762081687959546300e-01
3.955917689468966800e-01
8.769652599776818200e-01
-4.771788833626643400e-01
5.685284570747310000e-02
5.975794996069451200e-01
5.913671524014853000e-01
5.414643411251303100e-01
-9.049343612910318900e-01
-3.669715384273689600e-01
-2.154662194847314400e-01
6.493974074320223200e-02
-4.635663957116467600e-01
8.836792556347119500e-01
-8.201192711599969400e-01
2.309566778339240100e-01
-5.235106436701287800e-01
6.637051592225458000e-01
-7.360774273339258900e-01
1.329867759998882000e-01
8.322350755125044200e-01
3.826144120513396100e-01
4.012368262975170000e-01
6.792531380246558100e-01
-6.427940190049585800e-01
-3.541624254704484100e-01
-7.146287197289789000e-01
-4.605360150623241000e-02
-6.979862883515877100e-01
-4.447089925566578000e-01
8.936201217679200500e-01
6.063818855086516200e-02
3.945933763990854300e-01
2.298920079620089300e-01
8.896323577619944500e-01
3.797445825214312800e-01
-3.261662421924011500e-01
8.656844890026110800e-01
6.087313441736760300e-01
7.890687318789853000e-01
-8.256323026262779600e-02
2.049184850984909200e-03
5.693428550999625200e-01
8.220976305695508700e-01
-5.077950578366693400e-01
-8.443804589857202300e-01
-1.707800331412261100e-01
2.884602083861864700e-01
-4.205545807478223200e-01
-8.601886727862797500e-01
