-8.506508083196721000e-01
-5.257311121715058100e-01
0.000000000000000000e+00
0.000000000000000000e+00
-8.506508083196721000e-01
-5.257311121715058100e-01
0.000000000000000000e+00
8.506508083196721000e-01
5.257311121715058100e-01
-5.257311121715058100e-01
0.000000000000000000e+00
-8.506508083196721000e-01
0.000000000000000000e+00
8.506508083196721000e-01
-5.257311121715058100e-01
0.000000000000000000e+00
-8.506508083196721000e-01
5.257311121715058100e-01
5.257311121715058100e-01
0.000000000000000000e+00
8.506508083196721000e-01
8.506508083196721000e-01
-5.257311121715058100e-01
0.000000000000000000e+00
-5.257311121715058100e-01
0.000000000000000000e+00
8.506508083196721000e-01
8.506508083196721000e-01
5.257311121715058100e-01
0.000000000000000000e+00
-8.506508083196721000e-01
5.257311121715058100e-01
0.000000000000000000e+00
