6.383311907026306700e-01
-7.690229356892286400e-01
3.371965836248115600e-02
7.418782717778770200e-01
-5.221512495762766800e-01
4.206836132175857400e-01
7.382392922274820800e-01
-6.160239088208776500e-01
-2.748040959893309800e-01
3.531672797283926200e-01
-9.285999174033355800e-01
-1.139081468893498900e-01
4.573838435741037800e-01
-7.816984835526736800e-01
-4.239663907066575900e-01
1.251211978720712900e-01
-9.122148147069365500e-01
-3.901394848925798800e-01
8.686094225168415900e-01
-4.941721647499087700e-01
3.621522747889496100e-02
3.459042941635388500e-01
-6.062258054484719300e-01
-7.161288236676244300e-01
6.539689048847492400e-01
-4.712264943160911500e-01
-5.918363477333989900e-01
8.787839551103268100e-01
-3.004136922744932200e-01
-3.707969440740543400e-01
1.257299805648770900e-02
-7.332971385114357400e-01
-6.797920464162639000e-01
-2.273485347846187200e-01
-9.181530804990121200e-01
-3.245112702225634900e-01
-3.376708629154739300e-01
-7.221202520039244900e-01
-6.037555217003880400e-01
-5.566081021951827500e-01
-7.653755756814606400e-01
-3.230907747382304500e-01
-6.090823290098912300e-01
-4.887173231206179400e-01
-6.246391714979970800e-01
-1.999524028425225300e-01
-4.956087790661201600e-01
-8.452165253413419500e-01
1.363633617057433400e-01
-3.898779476184584500e-01
-9.107141261368065800e-01
5.019773406881321100e-03
-9.979793264802150300e-01
-6.334086984751657900e-02
-3.400660027445311900e-01
-9.402792276894905700e-01
1.516864374331832300e-02
-6.497884601448995500e-01
-7.597633437048223500e-01
2.312182140291721800e-02
-8.135441830140217600e-01
-5.421941845569436800e-01
-2.101697611852825800e-01
-8.458609993050948400e-01
-2.808098359232531500e-01
-4.535030384720064000e-01
-9.796110822020601700e-01
-9.971019774383506300e-02
-1.744133139780161500e-01
-9.282886709269038100e-01
-3.634333411599303700e-01
7.871689756394312200e-02
-7.563856590561944800e-01
-5.752036663147220800e-01
3.114827074369110900e-01
2.211697878115548300e-01
-9.503791053355431500e-01
2.187772408204390100e-01
-1.271593508243837900e-01
-9.442541561902254600e-01
3.036685495987469500e-01
-4.632721259460735900e-01
-8.222602142086714600e-01
3.305557100564367500e-01
-2.258261133979305700e-01
-7.676671309379204900e-01
5.997413964244313600e-01
-5.396114702882228700e-01
-5.941580799400944000e-01
5.964860745862246000e-01
-8.690667925285049400e-01
-2.540852349526825400e-01
4.244568334981273000e-01
-9.841640036792048700e-01
-2.279810410806353700e-02
1.757881119734671100e-01
-9.614374792095123900e-01
2.524170162830815000e-01
-1.091953454228029200e-01
-2.811007021444218400e-01
-4.929125494367060400e-01
8.234194641018148800e-01
-3.781859953357558600e-01
-1.592685888974727200e-01
9.119259122990811500e-01
-3.997881837819723700e-02
-2.669577981584921300e-01
9.628786154461282900e-01
6.776476287593777300e-02
-5.753777352617691600e-01
8.150757011943157200e-01
3.079416870902286800e-01
-3.215349473628547600e-01
8.954257060060260000e-01
3.909461046832832200e-01
-6.310310612089352600e-01
6.700454783240407100e-01
-6.510253675359265500e-01
-2.722765754341409100e-01
7.085417682074701700e-01
-6.160858904101719200e-01
7.653539375430781800e-02
7.839518538407692600e-01
-8.523596865571119200e-01
9.254705649777708600e-02
5.147018623104634400e-01
-9.142759920435806800e-01
3.218144405875880100e-01
2.460383632729341900e-01
-8.246003621495057200e-01
5.657147331048314500e-01
-1.040908753733691000e-03
-6.801952165272299200e-01
3.894550475787855700e-01
6.210146804455436400e-01
-8.883368231813264500e-01
1.328126489619355600e-01
-4.395662508153037100e-01
-7.163361873933763400e-01
-5.052154074498964300e-02
-6.959238755434921100e-01
-4.625837282859727200e-01
-2.515233401654565800e-01
-8.501484009730662100e-01
-1.375262674481793900e-01
-1.677002744312999500e-01
-9.761983116751629100e-01
1.988280945670277400e-01
-4.346366782958120700e-02
-9.790701192405194500e-01
-8.095134626483606600e-01
4.734274229724381200e-01
-3.472094885926038700e-01
-6.173638114633776000e-01
7.537340772488724200e-01
-2.252706485301670700e-01
-3.051429519310403000e-01
8.911410166904034600e-01
-3.357908087765430500e-01
-5.451279878180527200e-01
8.300694985162450100e-01
1.175589406656541200e-01
-5.555240136730796900e-01
6.212377485761407800e-01
-5.526814000639064300e-01
-2.264897548650277900e-01
7.290998946579628800e-01
-6.458449771817746900e-01
-3.771677895588911900e-01
4.476152461408486300e-01
-8.107928526704756300e-01
-2.817057103366664400e-02
5.165634129434739700e-01
-8.557854049560715800e-01
2.549175876425564500e-01
3.053059730461774000e-01
-9.174994748406271100e-01
5.189415972986413100e-01
7.174375817524805700e-02
-8.517936673608382800e-01
4.703948283656462200e-01
-2.831707390129957200e-01
-8.357888716737548200e-01
-6.752291282491983400e-01
3.048635903584713300e-01
-6.716575136463299700e-01
-4.542506626422723700e-01
1.052943281627436400e-01
-8.846295495549608700e-01
-1.177307440483231600e-01
1.903261697716445400e-01
-9.746360454066345100e-01
2.308917176388624600e-01
6.936620197555618500e-01
-6.822917389756455500e-01
5.075207235500989200e-01
4.691226464737490700e-01
-7.227355378924229500e-01
-3.667071325349574600e-01
3.178066854583874700e-01
8.743710823362943500e-01
-1.232738545478733900e-01
8.082501422919696800e-02
9.890757675020452900e-01
-4.613853967715073100e-01
6.706703012030542600e-01
5.807967482090471400e-01
-1.707299480985137700e-01
6.027048563946048000e-01
7.794858182806392300e-01
6.780115560211891200e-02
3.771202572035394800e-01
9.236792272784711800e-01
2.434300466839626800e-01
6.289101356300876900e-01
7.383859787896764900e-01
4.133356801192813500e-01
3.085921534442455100e-01
8.566939350625604200e-01
3.317098101335310900e-03
8.276966525992838200e-01
5.611659720048309800e-01
3.441242647775421500e-01
8.242035374438837500e-01
4.497410580059427700e-01
5.651665198851443300e-01
5.782522139913142100e-01
5.883971293395798800e-01
2.296876623669628900e-01
1.967703225060938100e-02
9.730654613941492900e-01
6.122849554356594200e-01
-3.515124679411915600e-01
7.081992080121564100e-01
5.564705449950825300e-01
-1.914431572278921200e-02
8.306467526743135400e-01
8.087032468585642100e-01
-7.893921175406112800e-02
5.828959249883838300e-01
9.259918323880839100e-01
-2.448080037316903400e-01
2.874163663737046000e-01
7.075488453771681100e-01
2.566864790575361700e-01
6.583970556392861900e-01
8.162908012242736700e-01
4.423109863543549500e-01
3.715243184326850200e-01
6.329398931719907300e-01
7.293998631570467500e-01
2.595436981664370800e-01
3.724023298904927700e-01
9.220071517648309500e-01
1.059212763642720700e-01
6.259670676028188400e-01
7.734693956614517900e-01
-9.955061150910528300e-02
8.515719741553212700e-01
5.236839376089128500e-01
2.408954801637445600e-02
4.140230509085221500e-02
9.711715609313638100e-01
2.347587024399784000e-01
-2.853686955570443600e-01
8.892192446477088500e-01
3.575665568033862800e-01
9.435976636048580800e-01
1.125333576845266000e-01
3.113835137699160800e-01
9.802693314700584600e-01
1.943991073800183900e-01
-3.579140719637317200e-02
8.601512590833188000e-01
4.024896302042874600e-01
-3.132760908135141000e-01
6.270373794640666800e-01
6.463332713623949300e-01
-4.348303428750355200e-01
3.672543682416604100e-01
8.701132003912581700e-01
-3.286749876584787500e-01
1.006011564729884800e-01
9.878441856636589500e-01
-1.185043128615992100e-01
-2.351150707658764500e-01
9.719459941765704600e-01
6.472086439078704100e-03
3.251981097951772000e-02
8.891577184468985000e-01
-4.564438778427884500e-01
7.509725150101864700e-01
2.266363858217380600e-01
-6.202227263821729100e-01
7.425286908733546000e-01
-1.299400783633609700e-01
-6.570895823742954900e-01
9.305560506224943600e-01
5.429924246197552500e-02
-3.621008546219154900e-01
5.026763834073945100e-01
-7.834857904021578200e-01
3.653306308022479200e-01
1.223472414156124800e-01
-8.312716880632159400e-01
5.422347583312244800e-01
-7.184240958756369400e-01
6.074640744767521000e-01
3.389014852215564400e-01
9.849004817526936200e-01
-1.635302863934085200e-01
-5.682329166285585200e-02
