1.266109423779690200e-01
9.635507195418956400e-01
-2.356685811483104400e-01
-5.918057918773704800e-01
7.708607037331326500e-01
2.356685811483104100e-01
8.112044025054730700e-02
6.173531063344418500e-01
7.824925662731709900e-01
-3.791737544816633500e-01
4.938953812696635900e-01
-7.824925662731708800e-01
-9.635507195418956400e-01
1.266109423779690200e-01
-2.356685811483104400e-01
-7.708607037331326500e-01
-5.918057918773704800e-01
2.356685811483104100e-01
-6.173531063344418500e-01
8.112044025054730700e-02
7.824925662731709900e-01
-4.938953812696635900e-01
-3.791737544816633500e-01
-7.824925662731708800e-01
-1.266109423779690200e-01
-9.635507195418956400e-01
-2.356685811483104400e-01
5.918057918773704800e-01
-7.708607037331326500e-01
2.356685811483104100e-01
-8.112044025054730700e-02
-6.173531063344418500e-01
7.824925662731709900e-01
3.791737544816633500e-01
-4.938953812696635900e-01
-7.824925662731708800e-01
9.635507195418956400e-01
-1.266109423779690200e-01
-2.356685811483104400e-01
7.708607037331326500e-01
5.918057918773704800e-01
2.356685811483104100e-01
6.173531063344418500e-01
-8.112044025054730700e-02
7.824925662731709900e-01
4.938953812696635900e-01
3.791737544816633500e-01
-7.824925662731708800e-01
