0.314809830248
-0.924157396550
-0.216397498095
0.824005365923
-0.449548496703
-0.344849686157
-0.679718810719
-0.018039180327
-0.733250929987
-0.941797806856
-0.258013469480
0.215513202771
0.359213746919
0.009374223662
-0.933208233973
0.798053942802
0.235750254234
-0.554555427354
-0.164039882287
-0.319553343304
0.933261259135
-0.679240148200
-0.033675439577
0.733143086882
0.787650399062
0.510164457165
0.345454882009
-0.255747892436
0.791925224046
0.554479445096
-0.532416799791
0.846482313076
-0.000212011874
-0.957699304472
0.189422718743
-0.216635813840
-0.801244409818
-0.488871437248
-0.344981323522
0.324404289917
0.597596609799
-0.733239489281
0.247403514635
0.944650116164
0.215470784509
-0.171275657214
-0.315873012715
-0.933214278226
-0.194734746377
-0.809068154144
-0.554515194114
-0.194934275042
0.301937045535
0.933185216850
0.310289026468
0.605153676753
0.733150562685
0.047911366444
-0.937171322312
0.345563906683
0.813574790663
-0.174420390789
0.554683321612
0.999283609345
0.037845316101
0.000011998179
0.642943946160
0.734657904055
-0.216566031745
-0.022674173582
0.938297621095
-0.345084708586
0.355498966557
-0.579817390642
-0.733097727650
0.694340064655
-0.686560217391
0.215701048932
-0.187703320784
0.306167901506
-0.933289172472
-0.603179680402
0.573121263514
-0.554712799976
0.358739388409
0.017947185318
0.933265208686
0.368766675979
-0.571218276005
0.733294497352
-0.835648668081
0.427129347198
0.345328574399
-0.557966414249
-0.617308196860
0.554620654735
-0.466866792618
-0.884327653049
-0.000001957184
