-5.658541425026104600e-01
-7.510614543185232300e-01
-3.401702239314612400e-01
-9.020853932809694800e-01
-2.185663442569853200e-01
3.721165091570861100e-01
-1.276404477370600100e-01
-9.677207005719094000e-01
-2.173121298641563500e-01
6.236273035676127600e-01
-1.002541134287111800e-01
-7.752664696642126400e-01
5.773502691896258400e-01
5.773502691896258400e-01
5.773502691896258400e-01
5.773502691896258400e-01
-5.773502691896258400e-01
-5.773502691896258400e-01
-5.773502691896258400e-01
5.773502691896258400e-01
-5.773502691896258400e-01
-5.773502691896258400e-01
-5.773502691896258400e-01
5.773502691896258400e-01
-5.658541425026099000e-01
7.510614543185236700e-01
3.401702239314611200e-01
-9.020853932809692600e-01
2.185663442569860100e-01
-3.721165091570862700e-01
-1.276404477370593200e-01
9.677207005719094000e-01
2.173121298641563200e-01
6.236273035676128700e-01
1.002541134287107000e-01
7.752664696642128600e-01
-7.510614543185234500e-01
-3.401702239314612400e-01
-5.658541425026101200e-01
-2.185663442569854600e-01
3.721165091570858800e-01
-9.020853932809695900e-01
-9.677207005719094000e-01
-2.173121298641561600e-01
-1.276404477370596300e-01
-1.002541134287110900e-01
-7.752664696642127500e-01
6.236273035676127600e-01
-7.510614543185233400e-01
3.401702239314617900e-01
5.658541425026100100e-01
-2.185663442569859600e-01
-3.721165091570857200e-01
9.020853932809694800e-01
-9.677207005719092900e-01
2.173121298641569300e-01
1.276404477370594900e-01
-1.002541134287104100e-01
7.752664696642128600e-01
-6.236273035676128700e-01
7.510614543185234500e-01
3.401702239314609600e-01
-5.658541425026101200e-01
2.185663442569856200e-01
-3.721165091570864400e-01
-9.020853932809692600e-01
9.677207005719095100e-01
2.173121298641561600e-01
-1.276404477370595400e-01
1.002541134287110200e-01
7.752664696642128600e-01
6.236273035676126500e-01
-3.401702239314614000e-01
-5.658541425026102400e-01
-7.510614543185232300e-01
3.721165091570857700e-01
-9.020853932809695900e-01
-2.185663442569854600e-01
-2.173121298641564900e-01
-1.276404477370597600e-01
-9.677207005719092900e-01
-7.752664696642126400e-01
6.236273035676128700e-01
-1.002541134287109800e-01
3.401702239314616200e-01
5.658541425026097900e-01
-7.510614543185234500e-01
-3.721165091570856100e-01
9.020853932809694800e-01
-2.185663442569860100e-01
2.173121298641566300e-01
1.276404477370593200e-01
-9.677207005719094000e-01
7.752664696642127500e-01
-6.236273035676129800e-01
-1.002541134287105900e-01
3.401702239314610700e-01
-5.658541425026101200e-01
7.510614543185234500e-01
-3.721165091570864900e-01
-9.020853932809691500e-01
2.185663442569858700e-01
2.173121298641563800e-01
-1.276404477370594900e-01
9.677207005719094000e-01
7.752664696642132000e-01
6.236273035676124200e-01
1.002541134287106600e-01
5.658541425026097900e-01
-7.510614543185234500e-01
3.401702239314615100e-01
9.020853932809693700e-01
-2.185663442569860700e-01
-3.721165091570860000e-01
1.276404477370592400e-01
-9.677207005719094000e-01
2.173121298641567700e-01
-6.236273035676127600e-01
-1.002541134287102700e-01
7.752664696642127500e-01
7.510614543185232300e-01
-3.401702239314615100e-01
5.658541425026103500e-01
2.185663442569857100e-01
3.721165091570862200e-01
9.020853932809692600e-01
9.677207005719092900e-01
-2.173121298641568500e-01
1.276404477370597600e-01
1.002541134287105300e-01
-7.752664696642130900e-01
-6.236273035676125300e-01
-3.401702239314612400e-01
5.658541425026104600e-01
7.510614543185232300e-01
3.721165091570862700e-01
9.020853932809693700e-01
2.185663442569856000e-01
-2.173121298641565700e-01
1.276404477370599600e-01
9.677207005719092900e-01
-7.752664696642129800e-01
-6.236273035676124200e-01
1.002541134287108100e-01
5.658541425026104600e-01
7.510614543185231100e-01
-3.401702239314614600e-01
9.020853932809693700e-01
2.185663442569854300e-01
3.721165091570862200e-01
1.276404477370599900e-01
9.677207005719092900e-01
-2.173121298641567100e-01
-6.236273035676127600e-01
1.002541134287107900e-01
-7.752664696642128600e-01
