3.051769020044634000e-01
-1.827216208011631400e-01
9.346014486265010700e-01
-4.907082900156075600e-01
-4.074541928305096000e-01
-7.701859871841322300e-01
-8.509184718243962800e-01
-5.229714314530596900e-01
4.938254946812591100e-02
7.012202810984599100e-01
-6.570858127633901800e-01
2.766375824816142400e-01
9.555627298013018600e-01
-6.205070554219331900e-03
-2.947225246127304600e-01
4.640178136061391400e-01
7.161624359518460300e-01
-5.213432976338108200e-01
3.293077595811665400e-01
-7.129347262317069200e-02
-9.415272912884480300e-01
-9.197709483984433100e-01
3.744800967201638600e-01
1.174140521517120100e-01
-1.486192639405116700e-01
-8.424318278596852900e-01
5.179005018290389100e-01
-5.847106287835063300e-01
-1.058298387139187500e-01
8.043093470956201900e-01
2.450588634219090800e-01
-8.423966818187401700e-01
-4.799103915515254800e-01
-3.651725826023697900e-01
4.861143234505876400e-01
-7.939407090278801600e-01
-5.940876942043927400e-02
6.276928285275815700e-01
7.761908986396279800e-01
-2.557474796815069600e-01
9.660236791779427400e-01
-3.730251873625246900e-02
7.271391725044883400e-01
5.996412865218138100e-01
3.342139304516675300e-01
