4.469679266770486500e-01
-8.841055567217979100e-01
1.362976048786639900e-01
9.671998808162073100e-02
-1.561268077896768900e-01
-9.829901646480988500e-01
3.052198738238622900e-01
-1.104472818429610700e-01
9.458552883800180900e-01
-9.286009254688414300e-01
2.641715789232203500e-01
2.606025673465708300e-01
-7.187990067664888900e-01
6.068154793284246100e-01
3.392682742593586800e-01
-6.234092118013431800e-02
7.898796550786835200e-01
-6.100850268931309300e-01
-7.137699128713151900e-01
6.978175271998189300e-01
-5.985992158702934500e-02
-8.499172293340738800e-01
9.943903951821056500e-02
-5.174481430064147300e-01
-2.307348740864664000e-01
4.944272250006941900e-01
-8.380352838982470000e-01
8.921721047201218700e-01
3.879628154489052300e-02
4.500264259991382200e-01
-5.913836312278526500e-01
3.297933787598810700e-01
-7.358680099324204100e-01
4.122115658959009100e-01
-4.695013466291970100e-01
7.808009416330260500e-01
-9.808456516460781800e-01
-1.747453234367164800e-01
-8.605742027261612000e-02
-4.451225291424968400e-01
8.742633898148305400e-01
1.937252159097230300e-01
-2.237104223861646800e-01
-9.744156544175179800e-01
-2.162820708898196400e-02
-7.205814968595256600e-01
-2.159831822824291900e-01
6.588729553979587600e-01
1.795565737937049000e-01
8.649953131930078200e-01
4.685536735120069400e-01
9.603817555845422000e-01
-2.766650549494862900e-01
3.351612910451545100e-02
-5.661885178541893300e-01
-5.866539122092102600e-01
5.790230993144439600e-01
-1.440393693060848000e-01
-6.509349250721733200e-01
-7.453431313235465700e-01
6.667243157437846600e-02
-9.614768463649346900e-01
2.666778220476906900e-01
8.238263905100281500e-01
5.568998818454963300e-01
1.057005198648095100e-01
7.822020716745457000e-01
1.759124734502677300e-01
-5.976744270526036500e-01
-5.367903045941265800e-01
-7.701174485046830000e-01
-3.446379033164834700e-01
-2.790788433578588700e-01
-3.020046061752786900e-01
-9.115416704895913400e-01
8.344806065188248300e-01
-3.648231780053186000e-01
4.129723551692945400e-01
1.807613963942215400e-01
2.795676745970814300e-01
9.429566442281381900e-01
7.803060557511584100e-01
-2.331173938392057700e-01
-5.803264081942909300e-01
9.807354794941148800e-01
1.799236715095931200e-01
7.606176235110907700e-02
2.314467963950157800e-01
-5.103898330701111000e-01
-8.282116871531989300e-01
5.441896011929700000e-01
7.829268945428351500e-01
3.014683329222967400e-01
-4.830626935682066400e-01
3.816305227135272800e-02
8.747536884883441200e-01
4.394629821616202700e-01
6.113475687518914500e-01
6.581234211686792800e-01
-9.622243321803121100e-01
2.298210745144759200e-01
-1.459678329946850800e-01
9.591176347420598000e-01
-1.642874167968450000e-02
-2.825304570725412100e-01
-5.336825301664234500e-02
9.865387428267694500e-01
1.545740549760179800e-01
-8.233357104824595700e-01
-5.468631793919095400e-01
-1.518518056188853400e-01
-8.193294201509641100e-01
-3.074397354595024300e-01
-4.839215952359184900e-01
3.549652420913405000e-01
9.344465152107265200e-01
-2.844972965716369500e-02
-7.747455319770044600e-01
4.857695770907714000e-01
-4.047187648907839600e-01
8.139256901289208000e-01
-5.091336082410551400e-01
-2.798355586904630000e-01
-4.938882648114195600e-01
5.468283458780667200e-01
6.760570553036352500e-01
-1.887246365746431100e-01
-6.868343047701371800e-01
7.018843561019801900e-01
8.833194870005683900e-01
3.883112982430349500e-01
-2.626043022150658700e-01
-3.082439332028190100e-01
1.069961701036050400e-01
-9.452711236607287400e-01
5.725615401720145500e-01
-6.751185497608821500e-01
4.651754792383344100e-01
-9.285924548154160500e-02
-2.858580943780200000e-02
9.952688139529865000e-01
2.427430278794560100e-01
5.764096689045050700e-01
-7.802741287581643800e-01
-8.111975199604797300e-01
-5.253662399798544300e-01
2.568051742068240300e-01
-2.220128749238244300e-01
8.170020093794846400e-01
5.321822996285606700e-01
7.402706843288374400e-02
2.522420991177312100e-01
-9.648284389319760100e-01
6.639865042622625800e-01
-1.503076458368671800e-01
7.324817634320730500e-01
-4.565799634386670800e-01
6.918183357944451800e-01
-5.593944290435415300e-01
4.670430578979114000e-01
2.412367208139945500e-01
-8.506912639731756300e-01
5.597051209495811400e-01
2.409550566821687400e-01
7.928876580210514300e-01
-3.733062241193244000e-01
-3.558411909528189100e-01
8.567493856753282100e-01
-7.461636241519797900e-01
2.283997125201132300e-01
6.253586309575592800e-01
-3.894091511005439700e-01
8.965103138030671200e-01
-2.112575922514501000e-01
7.621052511491627200e-01
4.250905749421770000e-01
4.883580543681048100e-01
-9.370287550821081400e-01
-1.408722161475774200e-01
3.195811804017013600e-01
-1.539378896487866900e-01
-8.956471094212009600e-01
-4.172761453952590300e-01
-5.257423759575951000e-01
-5.230061787818026700e-01
-6.708647338163781200e-01
-5.881111448596685300e-01
-8.065591609444013900e-01
5.989658745298721100e-02
1.996958410002190600e-01
-7.715119353670032400e-01
6.040620039975006500e-01
2.267861672165517600e-01
-8.098803072310550900e-01
-5.409823678444226600e-01
7.685723790640169900e-01
-6.304905785965677600e-01
1.085270862082006700e-01
4.779031450152477400e-02
6.289272664652523200e-01
7.759939299610474400e-01
-3.215764702878211600e-01
-8.744820888494540000e-01
3.631386099531717100e-01
6.015027119840419300e-01
5.430888419106396600e-01
-5.858745576213420000e-01
2.873813694380408400e-02
-4.104200619551773300e-01
9.114436308569542300e-01
1.595327225240910100e-01
-9.732008172798690700e-01
-1.656184762936976600e-01
3.280807464958672100e-01
8.225740852008811600e-01
-4.644727097845987000e-01
-6.152363455490869000e-01
-1.082683412079108700e-01
-7.808727203632431800e-01
4.862685087533867300e-01
-1.676556622235249900e-01
-8.575747875953145800e-01
5.237938887822639600e-01
-8.114484250478553000e-01
-2.592130698126702300e-01
1.184569640488712500e-02
9.683815227001159000e-01
-2.491925078522393700e-01
-2.210533449390053000e-01
3.507630402076988800e-01
9.100003891842736200e-01
6.493053930396620600e-01
7.270214363295769400e-01
-2.232539757471052300e-01
5.600464921891708000e-01
-5.779663688013210200e-01
-5.935510113892660300e-01
