3.806064299272610700e-01
-2.711419023539967700e-01
8.840932158352312600e-01
-9.705357732881352300e-01
2.312335259342134500e-01
-6.775964324015412700e-02
-5.982903583897912500e-02
8.051655199123843900e-01
-5.900245520440636800e-01
-2.388331139721295300e-01
-1.698667931552762500e-01
-9.560878705712768700e-01
-8.253791380657133900e-01
4.679291207444722900e-01
3.158981107971449200e-01
9.408608748239841200e-02
-4.939685469005567500e-01
-8.643742724162992700e-01
-4.005258769736528800e-01
-8.800280234945182500e-01
-2.552052110338227100e-01
6.870618987603487300e-01
5.283275491698726700e-02
7.246755462134113500e-01
8.697395239840718400e-01
-2.599016279781112300e-01
4.195286690969852700e-01
-4.998944844746788800e-01
6.244774029372269800e-01
-6.001112210353771700e-01
3.317429165081143300e-01
-8.970721125966346600e-01
2.919045428699273400e-01
-7.452300864427275900e-01
-4.734854856891128600e-01
4.695142309901903500e-01
-9.261713722281815800e-01
-1.491770054839486900e-01
-3.463420423509238600e-01
-3.549039358743927300e-01
-6.574243970026414400e-01
6.647077241363894600e-01
-8.124216046657468700e-01
2.798511981556005600e-01
-5.115216937366468000e-01
-5.227388107178647700e-01
-2.417605625739386000e-01
8.174937101612496100e-01
-1.323087374516012900e-02
-8.400231572188680000e-01
-5.423891954270334500e-01
-3.552853291680315700e-01
-5.737722293318586700e-01
-7.379415720268865900e-01
1.234151497972156000e-01
-7.228512875660670900e-01
6.798931657728366500e-01
-8.650150742684447500e-03
9.983073880751859300e-01
5.751116245242413000e-02
-1.616460016233750900e-01
8.600857636945487000e-01
4.838626346899921300e-01
7.203230792143244800e-02
7.060712396445910400e-02
9.948999852552916600e-01
-6.529121234192254400e-01
-2.054960988849473800e-01
-7.290247680533673600e-01
7.855277065725468900e-01
-5.351272180531019300e-01
-3.107814066279105400e-01
-5.655616643610469300e-01
-8.043283025501896100e-01
1.821976550943875700e-01
-6.762778798503832300e-02
4.423347070071096400e-01
-8.942966450061105000e-01
3.460723518504112400e-01
5.996603545170684500e-01
-7.215548395688223800e-01
3.288187095065243100e-01
8.843934885819489900e-01
-3.312497752939828600e-01
4.326264250351172800e-01
-6.808691761314763500e-01
-5.909750767632918600e-01
-5.028351010860420100e-01
5.744030739747060200e-01
6.459241207171306800e-01
1.804953571127962400e-01
4.867697400677862400e-02
-9.823705911020890200e-01
7.582384993715347600e-01
-6.341206587047937300e-01
1.515432884511937200e-01
-4.834875810658925700e-01
2.207070116718928000e-01
-8.470703477007768300e-01
-1.379805388215748800e-01
-9.291041541512049500e-01
3.431134530231683700e-01
-3.748137915055615400e-01
1.994664499174297300e-01
9.053881803152519200e-01
3.791341575381656500e-01
3.946868915591888500e-01
8.369465623438396800e-01
-7.591911082381632700e-01
1.273763499007673800e-01
6.382821685258540700e-01
-7.508730185152456800e-01
6.299017726110918100e-01
-1.985282522141572600e-01
5.656193487363822000e-01
-5.848681261934636200e-01
5.813811377211832700e-01
6.962173039692036700e-01
5.942224823897740400e-01
-4.027171551801440600e-01
7.091265578543435300e-01
4.868699011776498900e-01
5.099972786916769900e-01
9.460756749452106100e-01
2.335233901081713900e-01
-2.245164660984825500e-01
9.790222266099079000e-01
-2.002898611257046000e-01
-3.740924129174687900e-02
-9.572380714510411200e-01
-9.835393375045820000e-02
2.720694365056506300e-01
-6.750457071331578100e-02
5.520646851894397400e-01
8.310642070860084800e-01
2.969535685897492500e-01
7.717146567642584300e-01
5.623833804772648800e-01
-8.027806332328088500e-02
-3.722852030128145900e-01
9.246400165290116200e-01
4.460302370886378700e-01
8.858746908377944700e-01
1.276050929065756800e-01
8.425804865554059600e-01
-1.169896944591574100e-01
-5.257105049990998800e-01
4.805457587950210900e-01
-8.629102107502162300e-01
-1.564024996192037700e-01
-3.640465777717499800e-01
9.000141117755046100e-01
-2.396762145429262300e-01
9.527290406399856500e-01
1.781428190312288300e-01
2.461148332563877200e-01
8.071375814833731100e-01
5.875343382096295300e-01
5.772630233909044300e-02
-7.094744020681720300e-01
-5.631106701059593900e-01
-4.237362930205854100e-01
5.035226251121064400e-01
-2.593829301095380600e-01
-8.241270906650282100e-01
-8.736045633767322000e-01
-4.864396909928154800e-01
1.383813116585971300e-02
5.978176843933008500e-01
2.021938317942234600e-01
-7.757136524588188500e-01
-5.350289580046143600e-01
8.220141625578916100e-01
1.950300762722112800e-01
2.995890784011202200e-02
-9.950489224961893700e-01
-9.476341952568022300e-02
