-3.662782754263035300e-01
7.559006998770361200e-01
5.426364868640331000e-01
-9.408369689587646700e-01
3.266601753606225300e-01
-9.010509238579085500e-02
2.949031158172585300e-01
-6.086014011689210300e-01
-7.366386405670685100e-01
-7.408675404485654300e-20
1.131011890285944400e-19
1.000000000000000000e+00
-7.559006998770361200e-01
-3.662782754263035300e-01
5.426364868640331000e-01
-3.266601753606225300e-01
-9.408369689587646700e-01
-9.010509238579085500e-02
6.086014011689210300e-01
2.949031158172585300e-01
-7.366386405670685100e-01
3.662782754263035300e-01
-7.559006998770361200e-01
5.426364868640331000e-01
9.408369689587646700e-01
-3.266601753606225300e-01
-9.010509238579085500e-02
-2.949031158172585300e-01
6.086014011689210300e-01
-7.366386405670685100e-01
7.559006998770361200e-01
3.662782754263035300e-01
5.426364868640331000e-01
3.266601753606225300e-01
9.408369689587646700e-01
-9.010509238579085500e-02
-6.086014011689210300e-01
-2.949031158172585300e-01
-7.366386405670685100e-01
