0.00000000000000000000
0.00000000000000000000
1.00000000000000000000
0.33584603532626036213
0.00000000000000000000
0.94191689684155909450
0.74869995623684596435
0.66221124676301411605
0.03040789686116690620
-0.50003013895309561324
0.59065476869621216719
-0.63332203842513801818
-0.97116344997752074831
0.23481993786747521826
0.04124500221450634502
0.12721772866525123004
-0.94133224178060243083
0.31258480464917030704
-0.98033519832522818819
-0.07526151658361850642
0.18242423919580761654
-0.31480487903273971989
0.94797884803671288985
-0.04726512257647198597
0.86753443695258492618
-0.46601167123485689319
0.17383073081091588795
-0.87269519931370030330
-0.36690214992327898246
0.32215819324750474867
-0.77438882716635107931
-0.62158878547993715959
0.11810726533748844517
0.23199442301383216675
-0.27871617741488258125
-0.93193126363359803149
-0.87358183023977975808
0.33653840594605719937
0.35156320512562663872
-0.73580323882306545205
0.35050245877125407689
-0.57943215317480634433
0.18507707214000920282
-0.58488655211536661836
-0.78971779676203344258
0.19063339376448563387
0.94312521800778276280
0.27234854936203865546
0.71593036218717536651
-0.47655706762840728652
-0.51023237626786634959
0.52324031650950443773
-0.52845030088691234466
0.66855055954771695018
0.50019543203952625187
0.52009060763766546634
0.69232238849677220765
-0.59311635079996054206
0.58370578504379476363
0.55452732206821460358
0.23400553937974696312
-0.88433673834977137830
-0.40396774715870781966
0.90114404118127847504
-0.22782599353475664592
-0.36882886778745411381
0.75775976669765086600
0.34498973264531272315
0.55387924707795053686
-0.15680096213864973253
0.60855800291874076741
0.77786285125075078154
-0.74077400120676816156
-0.26220037872217297064
0.61846975717011749938
-0.48755635117213485938
-0.44977609952279417058
0.74832497267549174355
-0.17720250644228869822
-0.58354563189415588478
0.79251105178907186683
0.82240942169989560979
0.01067831578565334051
0.56879584797291298334
-0.03247899274375460672
-0.81106670688476187188
0.58405129227958986237
-0.62520887919061094227
-0.57258971458377858155
-0.53033468313328992895
0.66246924006401574169
-0.64739902395890849664
0.37684082813046956636
0.61957023190550156897
-0.72586664916987126625
-0.29874794620125178536
0.98454387732212643818
0.12956062412977246632
0.11784480600610901255
0.12767765423592247676
0.80153977353680897410
-0.58415101476191343808
0.18299433798877578423
0.62612556433388006632
0.75794449001996835289
-0.70780448756778981445
0.27720001442195414656
0.64974838159349568875
0.97484558888258096022
-0.21992929969696606324
-0.03615495776482152204
-0.72030336106510267683
-0.26463914459100692258
-0.64119356764432412435
0.36572847305976029278
0.77671301752094326534
0.51279583891338965296
-0.44682515709225186653
-0.37406134448163628290
-0.81266560746353421319
-0.55899361709850960829
-0.82590492398930060031
-0.07353361526099763484
-0.36958273609690220629
-0.74164954231166236906
0.55978974407185173823
0.08572967529203999029
-0.99609177185392380054
-0.02125099572330681919
0.40320662699201608597
-0.90858267286270747522
-0.10909602432435150096
0.44791335226606590063
-0.86504862497397860939
0.22597456780001608944
-0.65827630100346970838
-0.57777216259782661092
0.48254703362907532649
-0.84331585589056700239
0.53403594636902394677
-0.06019946170275451010
-0.15012365584733745344
0.95022425921518145475
0.27301418489519885274
-0.31137466354187965251
0.12585061918222319749
0.94191689684155909450
0.84620710440350532898
-0.50311349583434704252
-0.17552876335910731061
-0.31785331793169597362
0.78361968084547577534
0.53376911120019570226
-0.08088868946140124927
-0.15427865186819120791
-0.98471067704933029023
-0.11596451732182198813
0.93894478769804887758
-0.32393659314282906318
-0.12606711716664966969
-0.47278582905630083144
-0.87211274604424657074
0.48790318825929293374
-0.06209209285538615371
-0.87068653997363199258
0.43974444963585338531
-0.68157806594993892007
-0.58487277166098364844
-0.31500963149213143533
-0.21451771352348931469
0.92452749156087604395
-0.70243110352028501291
0.61394480112660400827
-0.36008655345192951735
0.70370617442597626899
0.16771402591245037465
-0.69041264877390201763
0.11014028487214468389
0.38157602806196128648
-0.91775206480657952793
-0.46323562219348249035
0.31387921245210891893
-0.82878983965868031496
-0.73537875495362529792
0.63050353874852788337
0.24836137861680409484
0.87159140310296488735
0.42579905406183475685
0.24294771371027901030
-0.66966479867770903148
0.05746757558361701275
-0.74043671921946489725
0.77708737098632597426
-0.35871527498656419928
0.51716396756239100279
-0.52868381727935151060
-0.80626751332136046803
0.26537919720566471963
0.94180312806910461354
-0.15709392675537606206
0.29720088515316752781
-0.88640623935775829102
-0.30685839111444804160
-0.34658607391280012540
0.97367131957095426202
0.06875064845281254475
-0.21734191906365979251
0.02079080654955690728
0.99962718510345072011
-0.01769839442351685012
0.18756930661319692495
0.05567420493841662383
-0.98067228885143874362
0.59627215048056424582
0.15642131081484116713
0.78739564139271827782
-0.32906275835065094189
-0.66199519225963517369
-0.67340928601541408090
0.73230077257594110883
-0.17048744314305890111
-0.65929478248748642505
-0.08954793596272438929
-0.94470656555809910675
-0.31545312196305302464
0.50377022531907876698
-0.39986529304448586150
-0.76571751155397514348
-0.87928306000424216553
0.00827413790971516074
-0.47622771762196631498
-0.17306048869589398215
0.19787190812045051421
-0.96482992036374490798
-0.47339083316598281473
0.84824127727688339114
0.23746126968012710739
0.85142495617864140507
0.31381899039981180877
-0.42022991952101814483
-0.01971031252288264750
-0.79098109082078212683
-0.61152303108240814002
0.16235473524240105081
-0.60845335521822898661
0.77680464369624459335
-0.43376667962431735527
0.41135113784781538762
0.80164624931387436130
-0.21102721699880127073
0.76886570251802241669
-0.60358350306913516373
0.50440122305427024409
0.84365758154243306168
0.18390565866043715996
-0.21312292917868185043
-0.92384639994866197230
0.31794094791359521337
0.01850727741360896824
0.83709184970491506842
0.54674922573364436528
-0.19054687101537826426
0.51828777192244877863
-0.83370838752042822074
0.42836345265760555066
0.27336645948704693441
-0.86126391498469971322
0.69094757969476186268
-0.72208094154559904993
0.03450443407117225073
-0.61422528970425969138
0.78630929236701898791
-0.06667075989514525076
-0.98673939567113509060
-0.04217576310482963939
-0.15673726435372157201
0.65689973346526191001
0.63516565889081399409
0.40626017025923915158
-0.76772098985053255295
-0.60108400185535767203
-0.22204167279244422841
-0.91020893913935070939
0.29348687387905763741
-0.29220736125483880789
0.33256347392320803943
-0.77706492655315900711
0.53438903032627954965
-0.25384640571988700218
-0.96708302594143763037
-0.01767549826871058012
0.61990719988519281041
-0.18272101765664285252
0.76310424794848339109
-0.87162691398589320841
0.02488884447005855922
0.48953760655987764257
0.72998487314057554829
0.61110955541351579330
-0.30605097004948847804
0.00302583935374154096
-0.33583240424439847683
0.94191689684155909450
0.32865560460625276512
0.57899219881983089003
-0.74615918359735804002
0.29702696120788894308
0.33521961107818552477
0.89409328185832895988
0.33808404369032547367
-0.33505163960982642105
0.87945413649420348334
0.52374521672105879682
0.83740984173083538436
-0.15631924044770811686
-0.04042794134018074853
0.33340387070842867994
0.94191689684155909450
-0.39878833058454301497
-0.05269237690708708073
-0.91552792464537896818
0.22247783202335146988
0.93261006891959175957
-0.28415149763459582287
0.62647021666285423755
0.48901758536763307708
-0.60695705682989316789
-0.43640279127130787264
0.82693513418755512371
-0.35458551523831524737
-0.93613116627230776986
-0.35143371425115396245
-0.01236058337163452883
-0.40594617538178831127
-0.82881724176281733260
-0.38505802478272540224
0.91687355919253383042
0.38799422089684053420
-0.09382622769923596605
0.44856567579040987162
0.75439036578387148003
-0.47925359728975377793
-0.58920555142362599022
-0.02035593870081623333
0.80772671983238826168
