-3.529276708232794700e-01
-6.643594141868906000e-01
6.588388482387074200e-01
5.037028025217399300e-01
-8.557873980456322000e-01
1.179466662438238300e-01
-5.926608982672845100e-02
5.844558408174446200e-01
8.092582410646332900e-01
-7.771457634587972100e-02
-8.295535065787003100e-01
-5.529931503611621400e-01
-6.925760779492046200e-01
-5.958597628532875700e-01
-4.065581376198504300e-01
-2.766188136888544900e-01
-2.641404129863707500e-01
-9.239652992081252000e-01
-5.963207080851440400e-01
3.484948920823146600e-01
-7.231548404742710300e-01
-2.628559753451805100e-01
4.119701185469777400e-01
-8.724605192498530200e-01
3.809452728461729800e-02
-9.889227959352930900e-01
1.434590905815461300e-01
-3.890925211712976100e-01
6.673378070939031100e-01
-6.350332756570037400e-01
6.022604828530261400e-01
-2.872485643112276600e-02
7.977826730486513600e-01
5.887298457584245700e-01
-6.818068821213395500e-01
4.342079504168936400e-01
-6.679138507313281400e-01
-5.021962470495677800e-01
5.492631586503675700e-01
2.778838551881531700e-01
5.007334776780628100e-02
9.593087213556926700e-01
-4.321757722994024600e-01
-8.442364878821329000e-01
-3.169997702930657000e-01
8.289408376092243200e-01
5.156989436267236400e-01
-2.165910600324929800e-01
-3.723717577729749300e-01
6.778856332058048600e-01
6.338851175932670400e-01
5.798926004691640200e-01
-7.794979480507201500e-01
-2.368702617591062500e-01
6.792973003711461100e-01
7.318359625920616300e-01
5.450964653548590100e-02
-1.005084212352269500e-01
-9.722068627791934400e-01
-2.114518224698970500e-01
4.085389828639698400e-01
6.546674716303641000e-01
6.360081768889290800e-01
-8.580239997649863300e-01
2.405074076261664000e-01
-4.538182485359484300e-01
5.955007046450677700e-01
3.357686312383450500e-01
7.298207567913893600e-01
-8.597589725616728900e-01
-1.804267430818958500e-01
4.777663649531601600e-01
-9.745436940089872200e-01
-1.859926459085721200e-01
1.251851594049640000e-01
-6.379084106198729100e-02
3.050747865261848800e-02
-9.974968783624660300e-01
-9.755680761921696800e-01
-2.105745372530301200e-02
-2.186858759895477000e-01
5.682840461054189400e-01
7.642264415988733200e-01
-3.049773580172437400e-01
6.665131323802442300e-01
5.035320370574013500e-01
-5.497415138239962800e-01
6.456068383302686600e-01
4.723406259356301200e-02
-7.622078152525737500e-01
9.940168186472336800e-02
3.563924574274858800e-01
-9.290337571537764500e-01
5.761442170514325900e-01
-5.961338436313394800e-01
-5.591800082580897800e-01
8.915188383007072200e-01
4.311270995018978100e-01
1.390092983581972800e-01
-3.097219348146853500e-01
-3.675494904246366400e-01
8.769148733960657700e-01
3.419728442624850900e-01
6.742116184222510800e-01
-6.545939713833876000e-01
4.665778587122284500e-01
-2.672822684822379100e-01
-8.431282765478221900e-01
-9.788697714023535400e-01
1.832210211555597200e-01
9.079663012148675400e-02
-8.809883395746166400e-01
4.493215928503399000e-01
-1.482216304457400200e-01
8.520562954326403900e-01
1.883672000055077700e-01
-4.883829106097901100e-01
6.464875983891880100e-01
-3.900351091640556500e-01
6.556877296002749900e-01
4.327832559845791200e-01
8.436102513213713500e-01
3.178370607793858900e-01
2.643759469365672400e-01
-9.529757006937992200e-01
-1.481305929528270200e-01
3.652664000551716400e-01
-3.016389988722142400e-01
8.806783586248180300e-01
-3.861958364800379500e-02
-1.408385983273819900e-01
9.892790389875008000e-01
2.298296208538604700e-01
8.961865380953303300e-01
-3.795102558757510500e-01
-2.308962143444477900e-01
-8.953033554848786000e-01
3.809446677129370000e-01
-8.745755603279016200e-01
1.888028689070336300e-01
4.466218377661469500e-01
9.391431274612768200e-01
-1.294070879625292000e-01
-3.182200366528016300e-01
-4.196633768459058800e-01
7.743581871803376100e-02
-9.043706895481292700e-01
-6.785546417614239900e-01
4.858027239565757500e-01
5.509621688831246600e-01
-6.191617455709548200e-01
-2.004520424015430700e-01
7.592481224992119200e-01
8.437703440400484700e-01
-1.038040163413963800e-01
5.265703492506327300e-01
-6.792973003742689400e-01
-7.318359625892839600e-01
-5.450964653386156100e-02
-5.691480156445987100e-01
-7.634494320948076500e-01
3.053121368729573800e-01
-3.704617411470996200e-01
-9.280313225028928900e-01
3.893536695333828200e-02
-2.246493029954904900e-01
8.991617675007683700e-01
3.755539994841417000e-01
2.726821942022721300e-01
-5.751186767299522100e-01
-7.712865412033476100e-01
-4.638708267019423000e-02
2.295232429414013600e-01
9.721971608223359800e-01
-4.134667671637910100e-02
9.908345432470414500e-01
-1.285976680695962700e-01
8.541725347491212200e-02
8.216130496550881900e-01
5.636096960177923200e-01
7.806390464124045600e-01
-6.240868271918338400e-01
3.344116238951346000e-02
-9.533207889483148700e-02
-5.693026371366961500e-01
-8.165820853305519900e-01
4.237783979302937900e-02
-4.839016239133259200e-01
8.740957253462131600e-01
-1.591973434948578900e-02
6.604147598421303800e-01
-7.507322472365918200e-01
1.122694309929650500e-01
-2.923517070034817900e-01
-9.496978752617415400e-01
-6.782286217024134900e-01
7.344179468665975600e-01
-2.522332301454822300e-02
-3.683561984279846200e-01
9.290256489540710300e-01
3.500078092201183000e-02
4.526196956541214700e-01
3.592742681479869100e-01
-8.161234044877644400e-01
-5.641771424504372600e-01
7.582097010703805500e-01
3.268366581936967800e-01
-5.845458780842728300e-01
-3.456208354737052000e-01
-7.340656336467090700e-01
-8.912623524467038200e-01
-4.312778724452022100e-01
-1.401813677002314000e-01
1.008425460957233100e-01
9.717542553818117000e-01
2.133645894807117700e-01
-8.441559008997662200e-01
-2.628961532028868400e-01
-4.672113307778702500e-01
-4.071382645128860400e-01
-6.560032616381976700e-01
-6.355298217153005900e-01
9.546969469315247400e-01
-2.973357455430635800e-01
1.204964489004770400e-02
-6.499677312551487300e-01
1.686528715346601900e-01
7.410115770014313900e-01
-1.292765195742621400e-01
8.735586958796357500e-01
-4.692363864192924400e-01
3.037821598880843200e-01
4.777945498844618500e-02
-9.515427068790646100e-01
6.934400474883846100e-01
5.950827533492216700e-01
4.062233587641366800e-01
8.215722196683272700e-01
-4.809070031405333100e-01
-3.061822042504252500e-01
2.882348118243615000e-01
-8.204927723180411900e-01
-4.936722635782064300e-01
9.742095691484908800e-01
1.864452533059536800e-01
-1.270979264157786600e-01
-7.169549380642917800e-01
-1.204276212016760300e-03
-6.971184737933953100e-01
7.496572948258514200e-01
-2.714198280105127900e-01
-6.036101533913509300e-01
-8.372876776870542500e-01
5.021952501208725200e-01
2.162158078158347400e-01
8.452224943903536800e-01
2.620129705924351700e-01
4.657769189406838500e-01
3.702052552930962200e-01
9.281820954461972300e-01
-3.776329761130426500e-02
2.716832512614462700e-01
-8.721973110371739100e-01
4.067678227238890100e-01
2.461113598505497800e-03
-7.685504033262224900e-01
6.397845109620551300e-01
9.788202256239315600e-01
1.914570641355460600e-02
2.038244534775981400e-01
-6.911402704684157500e-01
5.714757624465759400e-01
-4.424257897918588700e-01
3.389256308672535800e-01
-6.257975900121622900e-01
7.025003865309995500e-01
2.618741288116648900e-01
4.104804113902522600e-01
8.734573673191045100e-01
-3.641674340022373300e-01
3.776133881570015700e-01
8.513461159227873100e-01
-8.295483212944010400e-01
-5.150727070659622000e-01
2.157537695461725100e-01
8.388983814875664600e-01
-4.245793828403525100e-01
3.405610858633836800e-01
-3.696645082108553400e-01
1.504900907363420800e-02
9.290434213184700600e-01
-4.616128444346899200e-01
8.310451880356445300e-01
-3.102861216614675200e-01
