8.431014527708292600e-01
-3.498271247806797900e-01
-4.084126872458788100e-01
-5.917213257466884500e-01
2.078035273791896100e-01
7.788989450919470100e-01
-4.415461519147527700e-01
-7.089017591628804500e-01
-5.499957196061142600e-01
-8.529409121375012300e-01
-1.747520999373504100e-01
4.918876944684973400e-01
-8.710770432623270200e-02
2.273680382947248500e-01
9.699051618632733600e-01
9.653555205805912600e-01
-7.817914174005719000e-02
2.489512817427612400e-01
-4.934723261591470500e-01
-2.517581990066073400e-01
-8.325280010594419100e-01
6.877252559048878700e-01
1.654284553743257900e-01
-7.068715573164768800e-01
-3.409572055246815600e-01
2.613409722733854300e-01
-9.030221925357104800e-01
2.835068729801789600e-01
9.453203571434077900e-01
-1.612243013421390500e-01
8.171262374589095500e-01
-5.703465369052167500e-01
8.372299502808180900e-02
5.204558943016219800e-01
6.539252931711082600e-01
-5.490968703587548700e-01
-4.576392665780439400e-01
-8.881930624973591900e-01
-4.098030523888902100e-02
6.894006672456847200e-01
-2.546860189534336200e-01
6.781310726923344100e-01
-5.266337394226454400e-02
9.535246972027910900e-01
2.966769638332962300e-01
-9.991179712968647500e-01
-2.820206497520089500e-02
-3.111146031243353400e-02
1.717394165336992300e-01
6.444575641938452600e-01
7.451040335161263100e-01
-3.578335142905274500e-01
6.755424927275464100e-01
6.446685323249026200e-01
1.046883056671644300e-02
-1.391564625193356100e-01
-9.902150688237734100e-01
-8.752977312335026300e-01
3.438256202776794300e-01
3.400556197714605400e-01
5.084162945700393400e-01
2.309180932651564200e-01
8.295720014672961500e-01
-8.426698538074387500e-01
-5.315568831121650900e-01
8.576011602271774200e-02
8.100210044254478900e-01
4.100832739820424200e-01
4.191630718345283300e-01
-5.679343449308624900e-02
-9.470955622528558500e-01
3.158868496145834100e-01
-3.747649134172537800e-02
-6.452053454881805400e-01
7.630894932772900300e-01
-6.021360147845517000e-01
7.790988068216058200e-01
1.744628009305375100e-01
7.740677820505681400e-01
6.288660846514020400e-01
-7.311987668568523100e-02
-5.189585372365486100e-01
6.421518595090668400e-01
-5.642012282495930700e-01
9.590323697195631800e-01
1.499843024635198500e-01
-2.403364783893831000e-01
-8.625578084766932800e-01
4.711294547254603600e-01
-1.844751038107163000e-01
6.954070895987852000e-04
7.649382513061606700e-01
-6.441032433528439700e-01
4.036455320778879500e-01
-9.142124650696601400e-01
3.585879452539099400e-02
-4.565484517449364100e-01
-3.120852945336642900e-01
8.331664180373196100e-01
-4.725057703245162100e-03
-9.435416121222605100e-01
-3.312203194603659000e-01
4.692156097703949500e-01
8.191881712278035200e-01
3.297991080464642300e-01
2.228619385095201900e-01
3.506322417083560000e-01
-9.096095796760014200e-01
4.401715434805932000e-02
-6.324547593186992100e-01
-7.733456326496099800e-01
4.854331171949150500e-01
-3.239801641416734700e-01
-8.120292740863240800e-01
2.253238640391950500e-01
-2.125447118968956900e-01
9.508174912879506800e-01
4.472827470852777100e-01
-7.158959002820897100e-01
5.361261084102729700e-01
-2.547096516891921800e-01
9.452694737909248500e-01
-2.039328694825792400e-01
-8.316837776068126700e-01
-3.571986048256796100e-01
-4.251014593908727900e-01
-5.159719096314046000e-01
-7.123531359130510500e-01
4.757373206152361600e-01
4.773647892178770600e-01
-7.420993140626246400e-01
-4.705437982619195000e-01
-7.793092702143884500e-01
1.479859943008639300e-01
-6.089147779851479300e-01
