6.071779130725727400e-01
7.787345115624119100e-01
-1.578212355118507900e-01
4.638762095721027400e-01
-1.662776512248848000e-01
8.701555061574651800e-01
2.720520640687510400e-01
-8.329277184696559600e-01
-4.818911601605344000e-01
4.142648221178213400e-01
-4.489560878677774600e-01
-7.917215977363194500e-01
7.648378365937025200e-01
5.766987585360420200e-01
2.871264975888721500e-01
-4.964007827365313200e-01
8.680934643671055500e-01
4.655739309226195400e-06
-8.849307910563794000e-01
-3.666822458514703000e-01
-2.871264975888722100e-01
8.313943341397144200e-01
-2.104304840857474400e-01
5.142980386194555600e-01
2.403050773508436400e-01
8.232563375228801900e-01
-5.142980386194553300e-01
-6.883479797038893900e-01
-2.542710344180283400e-01
6.793550617266054200e-01
-3.590252710742294400e-01
-8.911436604594166200e-01
2.774235591168642800e-01
-9.196159187837216200e-02
-4.841202957148580400e-01
-8.701555061574650600e-01
-3.292590123473351200e-01
-6.198131893174252400e-01
7.123342706456141600e-01
-8.652006565658055800e-01
4.937497843262777500e-01
8.740122628346389000e-02
5.798744257882060300e-01
-6.569068123226705600e-01
4.818911601605346800e-01
-1.406370141508790600e-01
9.080742933925559600e-01
3.944899338770704300e-01
1.327416670884861000e-02
9.960847464660487200e-01
-8.740122628346394500e-02
9.790925307663033200e-01
1.283365646226690100e-01
1.578212355118510400e-01
-2.566292885838282200e-01
-7.402955091156184300e-03
-9.664815593154775200e-01
-7.011736300410655900e-01
3.058475762231767000e-02
-7.123342706456142800e-01
1.365363341211512600e-01
2.174194677757279300e-01
9.664815593154773000e-01
-1.768244346710498800e-01
5.847307337408503800e-01
7.917215977363195600e-01
9.501145278631003600e-01
-1.425431611492109200e-01
-2.774235591168640600e-01
-7.112894757060779200e-01
5.817602373997704500e-01
-3.944899338770707600e-01
5.682550252412127400e-01
4.642875471026000600e-01
-6.793550617266053100e-01
-6.071779130725726300e-01
-7.787345115624120200e-01
-1.578212355118509500e-01
-4.638762095721029600e-01
1.662776512248848000e-01
8.701555061574649500e-01
-2.720520640687509300e-01
8.329277184696559600e-01
-4.818911601605345700e-01
-4.142648221178210600e-01
4.489560878677773500e-01
-7.917215977363195600e-01
-7.648378365937026400e-01
-5.766987585360421300e-01
2.871264975888719900e-01
4.964007827365313200e-01
-8.680934643671055500e-01
4.655739309225943800e-06
8.849307910563794000e-01
3.666822458514703600e-01
-2.871264975888719900e-01
-8.313943341397144200e-01
2.104304840857473300e-01
5.142980386194552200e-01
-2.403050773508435000e-01
-8.232563375228800800e-01
-5.142980386194554400e-01
6.883479797038892800e-01
2.542710344180283400e-01
6.793550617266054200e-01
3.590252710742294400e-01
8.911436604594166200e-01
2.774235591168642300e-01
9.196159187837250900e-02
4.841202957148581000e-01
-8.701555061574650600e-01
3.292590123473349000e-01
6.198131893174253500e-01
7.123342706456142800e-01
8.652006565658054700e-01
-4.937497843262776400e-01
8.740122628346404200e-02
-5.798744257882061400e-01
6.569068123226706700e-01
4.818911601605344600e-01
1.406370141508789000e-01
-9.080742933925560800e-01
3.944899338770707100e-01
-1.327416670884861700e-02
-9.960847464660487200e-01
-8.740122628346393100e-02
-9.790925307663033200e-01
-1.283365646226690400e-01
1.578212355118507900e-01
2.566292885838284400e-01
7.402955091155989100e-03
-9.664815593154774100e-01
7.011736300410658100e-01
-3.058475762231764200e-02
-7.123342706456140500e-01
-1.365363341211516500e-01
-2.174194677757279300e-01
9.664815593154774100e-01
1.768244346710496100e-01
-5.847307337408503800e-01
7.917215977363195600e-01
-9.501145278631002400e-01
1.425431611492110100e-01
-2.774235591168643400e-01
7.112894757060781400e-01
-5.817602373997704500e-01
-3.944899338770703800e-01
-5.682550252412126300e-01
-4.642875471025999000e-01
-6.793550617266054200e-01
