-0.13324839419601465239
-0.13324839419601465239
0.98208438073740230796
0.13324839419601465239
0.13324839419601465239
0.98208438073740230796
0.35836639351189853148
-0.16243108366827352482
0.91934197720958299334
-0.35836639351189853148
0.16243108366827352482
0.91934197720958299334
-0.08961401406784071671
0.42596528361084119251
0.90029045626452381819
0.08961401406784071671
-0.42596528361084119251
0.90029045626452381819
0.28214729655504599509
0.45407004274543136624
0.84511141237581276804
-0.28214729655504599509
-0.45407004274543136624
0.84511141237581276804
-0.52424738317879911705
-0.16539490618623068493
0.83534975084561396144
0.52424738317879911705
0.16539490618623068493
0.83534975084561396144
-0.43078698113515006800
0.49391880633364202760
0.75529251924960443071
0.43078698113515006800
-0.49391880633364202760
0.75529251924960443071
0.67762872800254403919
-0.15830642521688415579
0.71816320061717535221
-0.67762872800254403919
0.15830642521688415579
0.71816320061717535221
-0.14287464716405050076
0.72358501314024231808
0.67528628296196230975
0.14287464716405050076
-0.72358501314024231808
0.67528628296196230975
0.59827583847083975658
0.48005461501676340219
0.64157118677752411495
-0.59827583847083975658
-0.48005461501676340219
0.64157118677752411495
0.22881325609699701621
0.75106905779006340922
0.61930587294537781470
-0.22881325609699701621
-0.75106905779006340922
0.61930587294537781470
0.79997522985650953841
0.16853777172072981115
0.57587728824762302546
-0.79997522985650953841
-0.16853777172072981115
0.57587728824762302546
-0.71793460047987874928
0.47136949590100970097
0.51223110777053054985
0.71793460047987874928
-0.47136949590100970097
0.51223110777053054985
-0.46292672704352104791
0.74671287635691542349
0.47761776105119384223
0.46292672704352104791
-0.74671287635691542349
0.47761776105119384223
-0.89802555417409434929
0.15604564856726697542
0.41133910537843559760
0.89802555417409434929
-0.15604564856726697542
0.41133910537843559760
-0.52887059058941128808
-0.75313160758587300414
0.39126548539926941113
0.52887059058941128808
0.75313160758587300414
0.39126548539926941113
0.03749748468664303774
0.93528482320974128649
0.35190373415992328429
-0.03749748468664303774
-0.93528482320974128649
0.35190373415992328429
0.80167497576864099572
0.50167417926645426250
0.32502346235876323967
-0.80167497576864099572
-0.50167417926645426250
0.32502346235876323967
-0.95725505642594593848
-0.17085866943706422211
0.23338824311681827674
0.95725505642594593848
0.17085866943706422211
0.23338824311681827674
0.30357981761339675288
-0.93334681232969886843
0.19158032845729919304
-0.30357981761339675288
0.93334681232969886843
0.19158032845729919304
0.86592112844977612826
-0.47196536654501872003
0.16561790992007004402
-0.86592112844977612826
0.47196536654501872003
0.16561790992007004402
0.33635244936207750051
0.93376295318476219966
0.12228563720978309348
-0.33635244936207750051
-0.93376295318476219966
0.12228563720978309348
0.63300722266527203990
-0.76475929326500755000
0.12018768413778876718
-0.63300722266527203990
0.76475929326500755000
0.12018768413778876718
0.68264620198817022035
0.72916979717363180821
0.04801634930824036081
-0.68264620198817022035
-0.72916979717363180821
0.04801634930824036081
-0.98925392086782059725
0.14350533906388276635
0.02798030928713595896
0.98925392086782059725
-0.14350533906388276635
0.02798030928713595896
-0.00353454172049743465
0.99963889497025457410
-0.02663806820087386507
0.00353454172049743465
-0.99963889497025457410
-0.02663806820087386507
-0.90102889229456767227
-0.43258425485457534866
-0.03190294190723126840
0.90102889229456767227
0.43258425485457534866
-0.03190294190723126840
0.33753261036804260611
-0.92322816227486229710
-0.18363413985617071587
-0.33753261036804260611
0.92322816227486229710
-0.18363413985617071587
-0.87999387198070912315
0.42687749290119647826
-0.20829400214789736751
0.87999387198070912315
-0.42687749290119647826
-0.20829400214789736751
-0.96264129717249144308
-0.11465362286079162654
-0.24530853988998910861
0.96264129717249144308
0.11465362286079162654
-0.24530853988998910861
-0.28921326650017155757
-0.92363572816670277184
-0.25150095056334377245
0.28921326650017155757
0.92363572816670277184
-0.25150095056334377245
0.64666663361498217048
-0.71934587966589436855
-0.25370015840903022654
-0.64666663361498217048
0.71934587966589436855
-0.25370015840903022654
-0.60454767890784420085
-0.72916551918931003765
-0.32068637257065047169
0.60454767890784420085
0.72916551918931003765
-0.32068637257065047169
-0.81293889657196251843
-0.42487024539159276568
-0.39826577184243158780
0.81293889657196251843
0.42487024539159276568
-0.39826577184243158780
0.04630488891551598771
-0.90532581261189439514
-0.42218601383884663212
-0.04630488891551598771
0.90532581261189439514
-0.42218601383884663212
-0.86275889346335425019
0.16435541629216378468
-0.47815728467243714474
0.86275889346335425019
-0.16435541629216378468
-0.47815728467243714474
-0.68024080793967518687
0.48657029495564254122
-0.54819867865615742822
0.68024080793967518687
-0.48657029495564254122
-0.54819867865615742822
-0.31444538423253031157
-0.74826626306625917966
-0.58414184911861279107
0.31444538423253031157
0.74826626306625917966
-0.58414184911861279107
0.74615218265893348987
0.15100647647914958888
-0.64842421636970159895
-0.74615218265893348987
-0.15100647647914958888
-0.64842421636970159895
0.56210783457817459138
0.47887526098949392215
-0.67432430381685012328
-0.56210783457817459138
-0.47887526098949392215
-0.67432430381685012328
0.07558788332490862660
-0.68383686498777601340
-0.72570904223259489489
-0.07558788332490862660
0.68383686498777601340
-0.72570904223259489489
0.61815801401306045643
-0.18403533968781001195
-0.76420655810940364729
-0.61815801401306045643
0.18403533968781001195
-0.76420655810940364729
-0.38783590310146833003
0.48156007827894963833
-0.78592824308166987066
0.38783590310146833003
-0.48156007827894963833
-0.78592824308166987066
-0.22508873683709487642
-0.48904466386458713036
-0.84271607157728636418
0.22508873683709487642
0.48904466386458713036
-0.84271607157728636418
-0.44715402899762795101
-0.18182071120122681256
-0.87578222368889663152
0.44715402899762795101
0.18182071120122681256
-0.87578222368889663152
0.28892577619318986711
-0.15315825271086285979
-0.94502087039266927974
-0.28892577619318986711
0.15315825271086285979
-0.94502087039266927974
0.08584669556288156226
0.16775164372538038917
-0.98208438073740230796
-0.08584669556288156226
-0.16775164372538038917
-0.98208438073740230796
0.38829528056748621710
-0.75619575974164950184
-0.52668277742657074954
-0.38829528056748621710
0.75619575974164950184
-0.52668277742657074954
