5.572016568392526000e-01
-8.239868723403100900e-01
1.028199777593130200e-01
7.558213098951394000e-01
-5.433051264762506200e-01
3.654499788658103200e-01
8.127801076818811400e-01
-5.670555011954451200e-01
-1.335535664840612500e-01
4.765834931281479600e-01
-5.372101332525138800e-01
6.958975835628320400e-01
8.384115079257927800e-01
-1.493605641052357700e-01
5.241732206701944500e-01
9.604970084928130500e-01
-2.503413943800247300e-01
1.215511535783270800e-01
9.223366166082361800e-01
-1.983074954871644800e-01
-3.316161981828991700e-01
6.578490751016073900e-01
-5.293236877175344600e-01
-5.357714326175576600e-01
4.475814498642835000e-01
-8.367217738052996600e-01
-3.155432125359362000e-01
2.769061676999480800e-01
-6.712918500476998700e-01
-6.875247096281448300e-01
9.881487779387678700e-01
1.379231899374200900e-01
-6.737348392064994300e-02
9.075228201067542200e-01
2.386444130844509200e-01
3.456170931667905700e-01
6.587197401704303300e-01
2.631558895089490300e-01
7.048668538997663300e-01
5.365118002712063700e-01
-1.314335940575827000e-01
8.335948047599960300e-01
6.315274868522483000e-02
-6.505143072495260800e-01
7.568638361007680200e-01
2.971519125630133800e-01
-8.431570382992553700e-01
4.480925681447655600e-01
6.785318745007721300e-01
5.960999757211658000e-01
4.292543700787378500e-01
3.285015388406286600e-01
5.324051354252536900e-01
7.801483902131416400e-01
8.452165865282784700e-01
5.332799058510271400e-01
3.494944739198351700e-02
5.414102441861070600e-01
8.352833999704717400e-01
9.579451562646484900e-02
6.447555534916479300e-01
6.981619577540301200e-01
-3.112236446459983300e-01
8.420610543698861000e-01
3.306456456752811500e-01
-4.261533030605915200e-01
3.148268966495202400e-01
8.278231592202637300e-01
4.643197628839572700e-01
7.411967175046754700e-02
9.870901308412863800e-01
1.419836182639918600e-01
2.850626832746290800e-01
9.279167522053665100e-01
-2.402285736146164400e-01
7.342184544657370800e-01
-2.102551609987084200e-02
-6.785876426775532300e-01
5.543238401204806400e-01
3.664322320118209600e-01
-7.472967948659481300e-01
3.355707995995130800e-01
7.149064967478228100e-01
-6.134337285835355100e-01
1.022133424261322000e-01
4.655577556039444100e-01
-8.790952217064408300e-01
2.960853452817472400e-01
8.555325192837480400e-02
-9.513222952258969500e-01
-1.278076341763377800e-01
8.832400662466261300e-03
-9.917596469633079800e-01
4.492115727911320500e-01
-3.035809952855261200e-01
-8.402663519217979900e-01
3.248622647193601100e-02
-3.868750385557032100e-01
-9.215597374191959500e-01
-1.982799523705987000e-01
-6.815107357064239500e-01
-7.044346510534543700e-01
-9.208941265860370900e-02
7.803880415218506000e-01
-6.184771982263240800e-01
-3.258993398727867400e-01
4.753540933227887200e-01
-8.172075050020964900e-01
-7.383605180062525800e-01
3.544656121468753300e-01
-5.737402506839480700e-01
-5.261729213378130200e-01
9.285153009807858800e-02
-8.452932332683595900e-01
-3.907126851871379200e-01
-3.176459965171386500e-01
-8.639702648416149900e-01
-5.936889606171819000e-01
-5.651393911178086400e-01
-5.728445571429327000e-01
-7.971334099275480000e-01
-1.277785024206264700e-01
-5.901279362108031700e-01
-9.529673944495625800e-01
1.255160173182375800e-01
-2.758602445307767900e-01
-8.678416942075643000e-01
-4.145129762581639700e-01
-2.739156554644938700e-01
-9.865170269660054100e-01
-1.553206733280480800e-01
5.157173589356541000e-02
-9.541277956225030500e-01
2.684792497753407700e-01
1.325105356589175400e-01
-5.011384734236527000e-01
7.081588930008495500e-01
-4.973642656227149100e-01
-8.253869825371407100e-01
5.325784310383945300e-01
-1.873407159453490400e-01
-7.401387908913760200e-01
6.310317478399085600e-01
2.323650219718151900e-01
-5.357493861411112300e-01
8.399145968435770500e-01
-8.669524357491721600e-02
-1.461159899701268100e-01
9.622509585451589600e-01
-2.296153528272284700e-01
-3.247982439623557400e-01
9.014993687747404600e-01
2.860157142845728400e-01
-4.934554255595319200e-01
6.411949399304859300e-01
5.876825605659927700e-01
-7.868596881515113100e-01
3.189103452487687700e-01
5.283446061572102400e-01
-8.787287190847971100e-01
-9.940271157288634000e-02
4.668564438749341300e-01
-8.254204150932394900e-01
-5.480275979055345700e-01
1.354506931735469900e-01
-5.099177831957951700e-01
-8.304753704312486400e-01
2.242643830120303600e-01
-6.896721495731847900e-01
-4.814872536056092300e-01
5.408533541713782500e-01
-5.955906601406528700e-01
-1.315699698751794700e-01
7.924399715942310700e-01
-2.639343153876482200e-01
-3.953500163386428100e-01
8.797937495469541100e-01
1.447892917390941300e-01
-2.726372453546587700e-01
9.511598148802940000e-01
2.339669856929506600e-01
1.506434776387105000e-01
9.605029891940316500e-01
-4.793180759156576700e-01
2.834360815044711900e-01
8.306131288403180200e-01
-8.098469724668404300e-02
4.398555625182945000e-01
8.944096169728821300e-01
-1.763522939671621200e-01
1.542966786136091100e-02
9.842061744178440800e-01
-1.023260030587320600e-01
-9.433883434128921300e-01
3.155120007395970600e-01
1.733024450952260200e-01
-9.847477196449070400e-01
-1.543344349690187400e-02
-2.512209393940013100e-01
-9.631396745517554200e-01
-9.617695625426186900e-02
-6.221734762810838800e-01
-7.600654002017909200e-01
-1.876186366766458300e-01
3.319710477656494200e-02
-9.080492492045891800e-01
-4.175458217410824600e-01
-8.429284361595218400e-02
7.772347238298978900e-01
6.235390128838765900e-01
-3.357125694643586800e-01
-7.218755879671129300e-01
6.051385842935264000e-01
