-3.745197667789789100e-01
2.103922963364622500e-02
-9.269802021123440000e-01
-9.259234677002595700e-01
-1.235330708031968400e-01
3.569388076125356600e-01
1.101704540181612800e-01
9.871980948875118700e-01
-1.153359983348624700e-01
-8.061464553762852600e-01
-5.803666944030746500e-01
1.153359983348623600e-01
2.020908691448731800e-01
-3.160173816422566200e-01
9.269802021123440000e-01
6.294253951654631400e-01
4.857830796159223800e-01
6.064968849711194200e-01
-3.466631695817164500e-01
8.674210825635375600e-01
-3.569388076125358200e-01
-5.079781858454447400e-01
-4.539408877632120600e-01
-7.320490646957468200e-01
4.010070353841238000e-01
8.619325160208458600e-01
3.102671355435676100e-01
7.868035574122349600e-01
-1.144626164465084600e-01
-6.064968849711195300e-01
1.463048082992184900e-01
6.653563480922168900e-01
7.320490646957467100e-01
7.723274985535376600e-01
-5.542964365568524600e-01
-3.102671355435677200e-01
-2.103922963364651300e-02
-3.745197667789791400e-01
-9.269802021123438900e-01
1.235330708031969100e-01
-9.259234677002594600e-01
3.569388076125357700e-01
-9.871980948875119800e-01
1.101704540181612400e-01
-1.153359983348621100e-01
5.803666944030746500e-01
-8.061464553762852600e-01
1.153359983348623300e-01
3.160173816422568400e-01
2.020908691448733700e-01
9.269802021123438900e-01
-4.857830796159220400e-01
6.294253951654632500e-01
6.064968849711194200e-01
-8.674210825635376700e-01
-3.466631695817165600e-01
-3.569388076125354900e-01
4.539408877632117900e-01
-5.079781858454449600e-01
-7.320490646957468200e-01
-8.619325160208457500e-01
4.010070353841238600e-01
3.102671355435678800e-01
1.144626164465082200e-01
7.868035574122348400e-01
-6.064968849711197500e-01
-6.653563480922166700e-01
1.463048082992186900e-01
7.320490646957469300e-01
5.542964365568524600e-01
7.723274985535375500e-01
-3.102671355435681600e-01
3.745197667789788000e-01
-2.103922963364683600e-02
-9.269802021123440000e-01
9.259234677002596800e-01
1.235330708031970200e-01
3.569388076125355500e-01
-1.101704540181613100e-01
-9.871980948875119800e-01
-1.153359983348618600e-01
8.061464553762852600e-01
5.803666944030746500e-01
1.153359983348619400e-01
-2.020908691448730400e-01
3.160173816422570100e-01
9.269802021123438900e-01
-6.294253951654631400e-01
-4.857830796159219900e-01
6.064968849711197500e-01
3.466631695817165000e-01
-8.674210825635376700e-01
-3.569388076125353200e-01
5.079781858454448500e-01
4.539408877632115600e-01
-7.320490646957471500e-01
-4.010070353841238600e-01
-8.619325160208457500e-01
3.102671355435681100e-01
-7.868035574122350700e-01
1.144626164465080800e-01
-6.064968849711194200e-01
-1.463048082992184900e-01
-6.653563480922165500e-01
7.320490646957471500e-01
-7.723274985535375500e-01
5.542964365568523500e-01
-3.102671355435680000e-01
2.103922963364651300e-02
3.745197667789785800e-01
-9.269802021123441100e-01
-1.235330708031968600e-01
9.259234677002596800e-01
3.569388076125352700e-01
9.871980948875119800e-01
-1.101704540181613100e-01
-1.153359983348621200e-01
-5.803666944030746500e-01
8.061464553762852600e-01
1.153359983348619500e-01
-3.160173816422567300e-01
-2.020908691448729300e-01
9.269802021123440000e-01
4.857830796159221500e-01
-6.294253951654629200e-01
6.064968849711197500e-01
8.674210825635375600e-01
3.466631695817162800e-01
-3.569388076125357700e-01
-4.539408877632118400e-01
5.079781858454446300e-01
-7.320490646957470400e-01
8.619325160208457500e-01
-4.010070353841236900e-01
3.102671355435679400e-01
-1.144626164465082800e-01
-7.868035574122351800e-01
-6.064968849711194200e-01
6.653563480922166700e-01
-1.463048082992183000e-01
7.320490646957469300e-01
-5.542964365568524600e-01
-7.723274985535375500e-01
-3.102671355435676100e-01
