-5.133206958744360700e-01
-8.581165719016016200e-01
1.173934473589755300e-02
-5.051388793469808700e-01
-7.678030887868035900e-01
-3.940978678215858500e-01
6.047163867497797100e-02
-8.743154681143288100e-01
4.815762069828460900e-01
4.544151942239358900e-01
-1.512078887810550400e-01
8.778627487419652400e-01
6.873274159624798200e-01
-6.563737694148814600e-01
3.110538507886384000e-01
8.288564347295760400e-01
3.290258144315728100e-01
-4.524809653952488500e-01
-3.891146388878914000e-02
3.839596909207203000e-01
9.225295950407751400e-01
-7.322188660222380700e-01
-4.117698665064042900e-02
-6.798234976900113800e-01
-9.606643716133087500e-01
-2.698698779668607400e-01
6.553025315805206800e-02
6.642530572543767800e-01
-2.605106026049980900e-01
-7.006440621732225000e-01
-9.530450378008131800e-01
8.677134341986987600e-02
2.901308151237261300e-01
-8.023571215231747300e-01
4.659802349424448400e-01
3.729416444754184400e-01
9.689771621931056500e-02
-7.889664918843593000e-01
-6.067476471113582000e-01
-4.231287824592283000e-01
1.337390876683603700e-01
-8.961450161018615900e-01
-5.753226471128208800e-01
-5.678579791748106200e-01
5.886774729905988000e-01
6.888789003798204700e-01
-3.770355245812031500e-01
6.191042511687886400e-01
8.996321026945355300e-01
-4.356335462033521500e-01
2.975723817326429700e-02
9.262777139301215900e-01
3.735291965627785500e-01
-4.985515010059676100e-02
6.542375675922207400e-01
-7.505959550466048100e-01
-9.262244554474788300e-02
-4.292338078440787700e-01
8.660387995383368500e-01
-2.563886422949915300e-01
1.456697440770472800e-01
6.830079284089548600e-01
-7.157377280757496500e-01
6.208582760092882200e-01
5.024942044299619500e-01
6.016930908902594600e-01
4.868250539277189600e-01
-7.343933597595240200e-01
-4.729352598500053400e-01
9.060893244971365300e-01
-7.793886541168823500e-02
-4.158457277532879900e-01
-4.984581198435394900e-01
7.375221125307678300e-01
4.556321282462390500e-01
8.299297662681977300e-02
-6.669138692901821700e-03
9.965278161796162800e-01
-8.422264847677976000e-01
-2.742986480546042400e-01
4.641279996198197600e-01
2.781452723019906000e-01
3.347223778303424800e-01
-9.003311264616218300e-01
-6.761447820484229900e-01
7.324459009598571800e-01
7.969464144968443900e-02
5.612998301399625000e-02
9.979601536170538100e-01
-3.041310243094393400e-02
5.321543975543024900e-01
5.455591201280036700e-01
-6.474387566471254700e-01
-1.274895743018890400e-01
4.261847753324412600e-01
-8.956075846704068000e-01
9.993315925350863000e-01
-3.418275444455933000e-02
-1.295791109212090400e-02
-4.755216753890804700e-01
4.504572908510547400e-01
7.556238252955569400e-01
-3.450368044751734900e-01
-8.528215121897484400e-01
3.919758562768270700e-01
6.248856809433736000e-01
1.481916351516653600e-01
-7.665227491881843000e-01
2.483076451586204200e-01
6.237865009125515000e-01
7.411030391484413300e-01
7.042783588174198500e-01
6.666401057843026600e-01
-2.440962159914311600e-01
4.562028726803840100e-01
8.898667735272163300e-01
4.008033236819604100e-03
-6.863529493440677600e-01
-4.416900552516900800e-01
-5.777798231320115900e-01
9.151188981340320200e-01
-1.177697618873903600e-01
3.856004220212195200e-01
-1.556482047439412300e-01
7.077250850641216800e-01
6.891290447593759700e-01
-7.664489674287918700e-01
-6.030735088509393500e-01
2.210391893976149700e-01
4.175203799153097700e-01
8.107027089310877600e-01
4.104118054919612100e-01
3.487494720377672400e-01
-1.163094012575346800e-01
-9.299709290792334000e-01
-2.756746562329990300e-01
-6.405621995295435200e-01
-7.167172053499839500e-01
8.860588708361160100e-01
2.960526832203609900e-01
3.567246643710691400e-01
-1.939444429919195100e-01
-6.569825933809313500e-01
7.285323774733831700e-01
-4.971226252159408700e-02
9.053466226994296700e-01
-4.217537003059022600e-01
-9.283525764434648100e-01
3.715092491777394800e-01
-1.193195651070080300e-02
-1.396429067601273600e-01
-9.431922259420937300e-01
-3.014768374419183900e-01
7.184359732854510600e-01
1.074169079643961900e-01
6.872491252615423600e-01
1.875019336961375800e-02
9.247096101998979500e-01
3.802112137385678700e-01
-3.420398202434434800e-01
9.953111138889261800e-02
9.343994430828417300e-01
-8.044103433473130900e-01
-5.625061917992637600e-01
-1.910779519027454600e-01
-7.611367171893523900e-02
-9.913788350807564200e-01
1.066523057949735500e-01
-3.274804289036651300e-01
6.907265136631670600e-01
-6.447119139645227600e-01
2.622263118863279500e-01
-9.454210133227680700e-01
-1.934333707565597500e-01
-2.726134712956793100e-02
-3.747858466607048600e-01
-9.267105201169888500e-01
3.857599897694858900e-01
2.588589737959377000e-01
8.855400962002569800e-01
3.608132524055070500e-01
8.434159146606686800e-01
-3.980746058035699600e-01
-4.267096051207869300e-01
-2.804985584154364700e-01
-8.597903649288727300e-01
-7.414812320140041800e-01
5.962392149419750700e-01
-3.077407693763889500e-01
1.697389233009445900e-01
-4.543176925234752000e-01
8.745193720992012800e-01
4.029968358875558600e-01
-6.789778236684851400e-01
6.136633158589698300e-01
3.423440576702152500e-01
-5.079849265817060200e-01
-7.904124622902091200e-01
-6.307447520512978700e-01
4.066562161190189200e-01
-6.609022466685284800e-01
7.969000540940439600e-01
-4.766906311166628800e-01
-3.711015305688021300e-01
-8.913981928600176500e-01
2.187518407368097800e-01
-3.969343698146488000e-01
7.351718856710621800e-01
6.488182490371504600e-01
1.963598182806785300e-01
3.708965025039947000e-01
-9.054869703838702700e-01
2.062259219771958600e-01
-2.099168506609955000e-01
-2.947608119814608100e-01
9.322290381277550400e-01
-9.201800692519068700e-01
-1.923090535580541700e-01
-3.410071378595486700e-01
-3.252659789854461100e-02
3.471742210312662300e-02
-9.988677194862490800e-01
-5.870478255244755400e-01
-2.010300442031098000e-01
7.841949833266471700e-01
-7.479224754643741800e-01
1.563263113353485500e-01
6.451155362255093200e-01
-3.191710321853403800e-01
9.375668782314645600e-01
1.381962411104247800e-01
