2.033299892684456200e-01
5.527118568723529100e-01
-8.081871805075908600e-01
-4.524448644808333200e-01
-3.769975143935954100e-01
8.081871805132588800e-01
-1.684451228655795600e-01
9.749303868164073100e-01
1.453856301180079200e-01
3.415874378653651600e-01
9.285370433459385600e-01
-1.453856300566120100e-01
-8.731055565889830300e-01
-1.508521785318180100e-01
4.636057670970528700e-01
-9.285370433412490900e-01
3.415874378606759100e-01
1.453856300975802400e-01
-3.769975143675281500e-01
4.524448645069020800e-01
-8.081871805108246100e-01
-5.671945971063212500e-01
6.807055029180256700e-01
4.636057671238743000e-01
1.508521785168640500e-01
-8.731055565740298800e-01
-4.636057671300798900e-01
-6.807055029329794900e-01
-5.671945970913679900e-01
-4.636057671202119500e-01
-5.527118568462842100e-01
2.033299892423784700e-01
8.081871805319773600e-01
9.749303868210965600e-01
1.684451228702690800e-01
-1.453856300811291700e-01
-2.065679417205155900e-15
-3.220052146949182500e-15
1.000000000000000000e+00
-4.533385275249520800e-15
2.908957511549443600e-14
-1.000000000000000000e+00
-5.803275036359746300e-01
-1.002669923393827000e-01
-8.081871805286521300e-01
5.527118568462855400e-01
-2.033299892945142600e-01
8.081871805188597400e-01
-7.600919204756694200e-01
-6.333429489604207600e-01
1.453856300661336100e-01
-9.749303868210967800e-01
-1.684451228608903600e-01
-1.453856300919939000e-01
5.671945971063218100e-01
-6.807055029479326400e-01
4.636057670799613200e-01
1.684451228655797800e-01
-9.749303868257861400e-01
1.453856300551151200e-01
-2.033299892684470900e-01
-5.527118568202168400e-01
-8.081871805432460100e-01
-3.059109594826616700e-01
-8.315576814647971400e-01
4.636057670750963200e-01
6.807055029329788200e-01
5.671945971212750700e-01
-4.636057670836235500e-01
8.315576814498431000e-01
-3.059109594677086900e-01
-4.636057671117856400e-01
1.002669923654513900e-01
-5.803275036620420000e-01
8.081871805067000200e-01
-6.333429489557316200e-01
7.600919204803589000e-01
-1.453856300620441100e-01
3.769975143675268800e-01
-4.524448644547661200e-01
-8.081871805400126000e-01
-1.002669923654500300e-01
5.803275036099060400e-01
8.081871805441369600e-01
9.285370433412492000e-01
-3.415874378700547400e-01
1.453856300755429500e-01
6.333429489557312900e-01
-7.600919204709800600e-01
-1.453856301110785500e-01
3.059109594826625600e-01
8.315576814348900600e-01
4.636057671287392400e-01
7.600919204756696500e-01
6.333429489510419300e-01
1.453856301069890700e-01
5.803275036359731900e-01
1.002669923915187300e-01
-8.081871805221848600e-01
8.731055565889837000e-01
1.508521785019108800e-01
4.636057671067827500e-01
-8.315576814498439900e-01
3.059109594976157100e-01
-4.636057670920499800e-01
-1.508521785168648300e-01
8.731055566039369600e-01
-4.636057670737557800e-01
4.524448644808348200e-01
3.769975143414596200e-01
8.081871805375782100e-01
-3.415874378653653800e-01
-9.285370433365597300e-01
-1.453856301165111500e-01
