-8.441489306389612400e-01
-5.063446312151189700e-01
1.761468062177778100e-01
-7.638830927379640400e-02
-9.966273703493828700e-01
-2.997850691353929100e-02
9.508597834924060700e-01
8.594901796352803800e-02
2.974532542230460300e-01
5.934067920580868800e-01
8.047042978620855300e-01
-1.787098602815654100e-02
-3.291098988320670900e-01
9.418714970290766900e-01
-6.756298968335211500e-02
-2.071612714910537900e-01
-6.366843531307991900e-01
7.427767107769507300e-01
7.415945673894572300e-02
7.406711555685602200e-01
6.677623935839140900e-01
1.443279372550840500e-01
-1.663217589204515100e-01
-9.754519562937479200e-01
6.043640052230888600e-01
-6.632655702233161100e-01
-4.413875083722304000e-01
-5.382655566228800000e-01
1.550553063002372000e-01
8.283888232838495500e-01
-9.339828545777162400e-01
3.467049342911003900e-01
8.643908776164041500e-02
-5.322807654843322300e-01
-5.706113761331705900e-01
-6.253637694356962700e-01
1.381429082690036300e-01
6.623047453772922300e-01
-7.363891370367312600e-01
3.726905455292063300e-01
-2.560131356684566500e-02
9.276024633520518800e-01
5.911863529387274600e-01
-6.881839882265791100e-01
4.205965934806962200e-01
8.180045797058002100e-01
1.650764736597991600e-01
-5.510156671315099600e-01
-6.349932728481484400e-01
2.804715595137206000e-01
-7.198050067494241600e-01
