9.929052013634349600e-01
-8.001522385201699500e-02
-8.795922383325376100e-02
8.329659989046500600e-01
4.602370144924057800e-01
-3.071636944039704600e-01
-8.617754444439397500e-02
7.131220248866272400e-01
-6.957229394343205100e-01
-1.748203486988404700e-01
-8.327802153442825900e-01
5.252760784691666900e-01
-6.357734796235036100e-01
7.492021297176940700e-01
1.857101274403048200e-01
-2.657942696563366000e-03
2.102036655032004900e-01
9.776540054383455700e-01
-1.775143644040292300e-01
9.743939316078862300e-01
-1.380040451434657300e-01
8.305645083138011300e-01
-3.673596533855302300e-01
4.185803179724495400e-01
-5.345614257946823500e-02
1.815919626320465200e-01
-9.819199559678809500e-01
4.391945841010829700e-01
5.342956949318221600e-01
7.222438837910626400e-01
-9.476924842168295000e-01
1.833273903408126900e-01
-2.612853293045014300e-01
-3.404852779577192700e-01
6.285534548784191800e-01
6.992784351418666100e-01
-6.554659638887740900e-01
-4.717712199768306900e-01
5.897425592450771200e-01
-6.187227178669919600e-01
1.646111073821925100e-01
-7.681701515430622300e-01
3.578501734862119500e-01
-6.111712854731997700e-01
7.059836493495615900e-01
5.313018007735677000e-01
-8.299993243649261800e-01
1.697631233470048900e-01
8.734632144402694200e-01
2.356388731376470900e-01
4.260708092396049400e-01
7.465371161286282800e-01
-5.751695595145109900e-01
-3.344582366308752100e-01
6.416458561302979000e-01
7.425756689677801600e-01
1.920207571276368600e-01
-5.907168143997230100e-01
-8.021137600003701600e-01
8.756232753594368800e-02
-7.923402901849249100e-01
-3.501244652653774400e-01
-4.996095709374496200e-01
9.868235755343821000e-02
9.128237453564478400e-01
3.962506810355314000e-01
-9.460398870370413400e-01
-3.129963461266266300e-01
8.391554949068241700e-02
4.497870784679577300e-01
4.447304851107353700e-01
-7.745362352120327400e-01
3.804992341196568600e-01
8.598209502103779700e-01
-3.404824025022109000e-01
-1.560716400605329800e-01
-3.712452793786625800e-01
9.153243063023479600e-01
7.612562946270234900e-01
-5.721468706967612600e-02
-6.459220800330746100e-01
-6.191273618910454500e-01
6.672974776751232600e-01
-4.139992585093034700e-01
-1.256506527725811400e-02
-9.993837960317142300e-01
-3.277418746238147700e-02
-9.109486229493517500e-01
2.334956854683668800e-01
3.400770077707951900e-01
2.809644646223457000e-01
-3.163201064598888400e-01
-9.060908121533312000e-01
2.297216414525962400e-01
-8.025860250816019300e-01
-5.505303259512950300e-01
-3.220666081980546600e-01
-3.502634318871045100e-01
-8.795388724590110800e-01
-3.711198967758264100e-01
-7.974859193263065200e-01
-4.756955230957885000e-01
-5.711768649457360500e-01
8.220455149350409900e-02
8.167003126389216200e-01
5.375997936116474500e-01
-5.012551525446214100e-02
8.417089132409071300e-01
