-3.780034650366009100e-02
7.546744621994466700e-01
6.550096105464249300e-01
4.374255985500236100e-01
4.409387590621280000e-03
8.992437951046586800e-01
7.108265145484892200e-01
-2.707605881258420300e-01
6.491643629564045600e-01
-1.100298563378730900e-01
-6.052956015598255400e-01
7.883594772986469700e-01
-8.703946238717860100e-01
2.446176462278372700e-01
-4.272884340688910500e-01
2.992838466820481000e-01
-5.676841127442794300e-01
-7.669184619325165600e-01
-6.010240375951704200e-01
-7.911496412218389500e-01
1.133682117145494200e-01
3.409858426439121300e-01
-5.074075236514664600e-01
7.913698629959999800e-01
-4.432018888518001700e-01
-5.964898553389338400e-01
-6.691576332942295000e-01
-8.287973460826877400e-01
-2.054898601993600500e-01
-5.204506474984357300e-01
-2.400611504151698700e-01
1.587792445225400800e-01
9.576846013015958300e-01
1.664966446018971800e-02
-9.888109440326939800e-01
-1.482420508308481500e-01
-9.214520769973700800e-01
8.961368612652324800e-02
3.780151545322618700e-01
9.050131941472441300e-01
1.386073870270176400e-01
-4.021680130007174700e-01
5.545177480810057300e-01
7.407499543879623200e-01
-3.792091403663709900e-01
8.556497672657139600e-01
5.027441914290465800e-01
-1.229298733525902900e-01
-1.921266616046082300e-01
-9.459908327730648400e-01
2.611296425341090900e-01
-1.046044412051730700e-01
-3.975444111154715600e-01
-9.116009829256475100e-01
3.944765478218139100e-01
7.744799285481279700e-01
4.945392739658509600e-01
-2.178888072062061000e-01
8.242548276880332600e-01
-5.226169215852347600e-01
8.956883477945201100e-01
-3.748162818735040800e-01
2.392804598533796700e-01
-3.675927108482556600e-02
-8.182113151845211700e-01
-5.737412306025501100e-01
-1.716200873508889100e-01
5.006817960908210900e-01
-8.484481626363173900e-01
2.452981590401760700e-01
3.149290499128270000e-01
-9.168688601389538600e-01
-1.325951770647332600e-01
6.007671759466434000e-02
-9.893479201080999100e-01
-8.884438553674138800e-01
-4.323484955944552100e-01
1.540853471849195900e-01
-6.322016086556724300e-01
6.398089242018157900e-01
-4.369961859386135600e-01
-6.503752817973400500e-01
1.171207730319277200e-01
7.505296245661687800e-01
-7.619729885143368100e-01
-2.954271281873213600e-01
5.762985135374917300e-01
3.635178477965186900e-02
-2.103152443951404000e-01
9.769575455045865800e-01
6.807118036982865400e-01
-1.028046365915113300e-01
-7.253017627175001300e-01
-2.637620640220874600e-01
9.609076420342752600e-01
-8.417883975761095100e-02
-5.684001290982834100e-01
2.767401653338080200e-01
-7.748136383234819300e-01
7.645229894629503900e-01
5.558592489559763800e-01
3.263818223074495000e-01
8.615914343426942500e-01
1.350941644235695800e-01
4.892951736998805700e-01
7.324674542861499000e-01
-6.751938799218464300e-01
-8.720466115782031500e-02
6.287756001404433100e-01
3.916118696118328600e-01
-6.717748047129710200e-01
-9.283415247451278800e-01
3.715131033647574600e-01
1.265019613200542600e-02
6.837830042674900600e-01
-5.147358234389368700e-01
-5.171922612951255200e-01
3.999893128155754800e-01
-8.429250581727885100e-01
-3.598414872380961100e-01
4.689656191539786100e-01
8.816924514942405800e-01
5.186201914312414700e-02
2.793217565598851100e-01
-1.441965985612924900e-01
-9.493085363967048700e-01
-9.914680767702619400e-01
-6.869957374430384100e-02
-1.107764474643825900e-01
-4.978010694656074800e-01
-6.727614224892478600e-01
5.473446479587986700e-01
-6.626323242348672900e-01
7.488723045252906300e-01
1.042470115054484200e-02
-3.828711569207923200e-01
8.492832892709768500e-01
3.634935649543254400e-01
5.664054673147724800e-01
4.079246079651494500e-01
7.160882353540053400e-01
2.020804112348782400e-01
7.091197153742432300e-01
-6.755092424702232600e-01
5.009741035918752900e-02
9.658635226871676900e-01
2.541611792104341800e-01
-4.027366032751240100e-01
-8.659181315533481800e-01
-2.966294284617990200e-01
-7.671095661614094600e-01
-5.844924597080184400e-01
-2.644077874195934200e-01
9.940546532314004100e-01
9.733278440819816100e-02
4.880241252589575400e-02
1.786282030437856800e-01
-8.388374729129928200e-01
5.142408571032569500e-01
-7.458055915205271700e-01
5.275416731769152500e-01
4.067847129851582300e-01
-4.263510860824760700e-01
5.204872722620056400e-01
7.398092665069490000e-01
6.006734885362224900e-01
-6.673159856197269400e-01
4.403189020540647600e-01
1.436164670225149900e-01
4.089865453338127900e-01
9.011683062202554600e-01
3.908293030138051400e-01
-9.137108017038098100e-01
1.112880350959823700e-01
-4.104710760763552500e-01
-2.617889090434353200e-01
8.734872997397082900e-01
9.366015795792591600e-01
-2.800749005895193400e-01
-2.105600417681562900e-01
1.543062355946116500e-01
9.477396241223654500e-01
-2.792475434538642700e-01
-5.033712737974326300e-01
-1.745622379567853000e-01
-8.462537360597405200e-01
