0.00000000000000000000
0.00000000000000000000
1.00000000000000000000
0.32780710766502908069
0.00000000000000000000
0.94474467458900663154
0.99602287327654356660
-0.04637692972723538713
0.07607638463421816768
0.43962330659535456572
-0.09303198457232706865
-0.89335121768803851398
-0.59159381181406328001
-0.64435780709695186603
0.48458206555393076097
-0.00377447527587684189
-0.99583102233448385037
0.09113906019182182249
-0.23220376804817870094
0.45658136472226663454
-0.85884507770178211422
-0.48729616546152981089
0.78064555320422856882
0.39132463171764859390
-0.67133870306948236093
0.24170057161085688271
0.70063198574142362572
0.86542646715160533593
-0.07418605346247919680
-0.49551332921037911151
-0.44349832188395882547
0.09250720121176907198
0.89148844984670312839
-0.37044192650875393144
0.66932066317022616982
-0.64403620157398884884
0.54888613302347919684
-0.55989743253462145784
0.62067614584070371933
-0.97712369724017200576
0.09078321023216765186
0.19232183711591028043
0.91179928720617768458
-0.20358509582693312476
0.35661627641969001434
-0.74824673043831171130
-0.36025575134885582393
0.55708403675607853089
0.06789626878379032044
0.96283234074112428539
-0.26142681635250588743
-0.04756630410937726247
0.56222440466795751652
0.82561562818852635262
0.79685021474475633605
0.59998261306835307810
0.07106756839027648986
-0.67321479010979095880
-0.08903989927060778355
0.73406657921152501202
0.41370508716283839224
0.23806502345578373284
-0.87873383083991106210
0.50024081072266694366
0.68614809360099913617
-0.52816656930862581171
0.32487209518473459469
0.54512650733235200811
-0.77284876449012449574
0.73963623403250075050
0.25250970041586855649
0.62384059863246163176
0.97016861909948174662
0.11426793458329953957
-0.21381227663694028073
-0.16037640297729159789
0.15351521679149830829
-0.97504486439421065777
-0.00174711528817185525
-0.91093710697239016021
0.41254155515407419661
0.15801236405873375441
-0.28721001486766117415
0.94474467458900663154
0.91912502983843543044
-0.38600424012797882123
0.07880295760767386574
0.74024925516624610991
-0.66583572448729174132
0.09324070046015946758
0.28211863118646799668
-0.78920908193183692001
0.54548886600349668974
0.66805646385890887007
-0.24236018252347372106
-0.70353543124957032246
-0.78091216031994151734
0.23650432129935674812
-0.57813657890776344402
-0.65442637638954208746
0.54154079858624136653
-0.52769279069571279430
-0.81056955504318347495
-0.52133561030349730200
0.26680737970786256462
0.16615268317923705278
-0.27420544059769732599
-0.94720887993037879863
-0.86330489399279456589
0.35528709889359932682
0.35843512295513048544
0.39836973631347210375
0.87521184329740721771
-0.27441899085429459052
-0.92432797979895904565
-0.21297449618585460002
0.31663804214774409011
-0.01125374402354763093
-0.72541147885427415610
0.68822346631883123029
0.14630132983598076915
0.93464036185899220692
0.32410386432795840506
-0.89961413948277790950
-0.09883388058909228111
-0.42535428067713396414
0.72469881155050554128
-0.64656052178581863568
-0.23826691798345569243
-0.46184230453430398722
0.04551933851098118138
-0.88579324651070010303
-0.17308510261483404642
0.27838650665670621869
0.94474467458900663154
-0.61061522105429793880
-0.77164646140844436864
0.17807523806705141920
0.81803734319383450805
0.44500371997454812004
0.36439894943480089787
0.95409452873958232252
-0.21767602434661478427
-0.20572014644620076514
0.83670149106109995652
0.25679208312462894255
-0.48372351700185688721
0.26046512552563145730
-0.56071665103107693273
0.78597376269275715561
-0.99283152751726921277
-0.04454121291328311572
-0.11091275093486540779
0.87755024973383727886
0.43341700228311477579
-0.20507379482517581313
0.91893350506267773226
0.12836875398395255031
0.37293789868264810726
0.15924662157741126903
0.28652750889206561329
0.94474467458900663154
0.80430607012801880714
-0.39661764453467525145
-0.44247733229962015684
-0.73803740415219359750
0.63470200509472800794
0.22902872047196070081
-0.33044343113373050587
-0.93733182298010622708
0.11052688564036493509
0.19707327917426981929
0.82241978591668094100
-0.53365514929424320029
0.28222254641547226450
0.55103998824338764040
0.78530590577907525012
0.46900728921375540015
-0.30538580225767343891
0.82871688437234218924
-0.22146279033461456666
-0.47952117138751345168
-0.84912524322879101382
0.41523395459722895932
-0.43631952802552266346
-0.79825186026286937946
-0.46063993204063013283
-0.60123672583705285574
-0.65293587167067501513
-0.70477005258763597824
-0.38252454033359423155
-0.59747313664983571186
-0.71275541985701071037
-0.06585752740845755121
-0.69831403934626765083
0.57042025232102877019
0.53862590489425736331
0.62008295438502120921
0.02944910485084361550
0.79701710819890226912
0.60323832724864501300
0.09627392963730009461
-0.57117568525153090225
-0.81516235625158519376
-0.86124330631493825191
-0.40638443627401495957
-0.30514202804917666029
0.61807853984972302448
0.70934068523986721679
0.33884319506324746383
-0.48698332251301816929
-0.28071706057574828722
-0.82707023613227274555
-0.53392886409472723928
0.34877299810792180866
-0.77024500250071461269
-0.13246823477412897271
0.85390220021044859649
-0.50329235961971567415
0.61268480191594623408
0.41019871527234529417
-0.67554004136700521815
-0.42102742630306694320
0.43988752052274983480
0.79324326381568654126
-0.63925664683841174587
0.76667642607853811794
-0.05965062588397542451
0.55849862135501271401
0.82879229518915149847
0.03438926256331331061
0.08317056117813439263
0.37388569309192551140
-0.92373813727402458489
-0.18164625469808859913
0.91002658366804887283
0.37263421095172779378
0.72950680411452069111
-0.28083128996048665003
0.62366145409969614968
0.77389420392884624557
-0.50497815734801944797
0.38221044167674992012
0.28383870366798806511
-0.92751777398829072377
0.24320026569862563818
-0.50174128054443013750
0.78576486563731638325
-0.36170328078081567560
0.35243082486605824353
0.77230809992864920848
0.52851935865096689087
-0.93742204573328753848
-0.34794783462730577276
0.01312297799233240006
0.25670885089526109680
0.96641233110830263103
0.01215615703464909793
-0.52850913833004248626
-0.83776774718511222558
-0.13719800464298998944
-0.33247449418244363747
-0.63993003002777499528
0.69278443067579055167
0.49594031667557498862
-0.86833697003403976489
-0.00584027121232603867
0.21550929234873005852
-0.96385394043297319059
-0.15665671521891478863
-0.26994448905197071179
-0.18597707564692598959
0.94474467458900663154
-0.18389685977407611401
-0.96507751155943868241
-0.18656725770476255450
-0.28752094878488611302
0.70664335389305746492
0.64651904411904994103
-0.11111978668136441233
-0.46975297361265462210
0.87577653359173576253
-0.49851122306385408625
-0.36718892371492762140
0.78527629200202738425
0.61917965194699658891
-0.01202344024838631892
0.78515730621283124324
-0.39020061107131348797
0.91493460293399245974
0.10314143432002049734
-0.65017029888031925697
0.53285998275493821598
0.54160762663784866150
0.03488797030295610397
-0.90265619459869988471
-0.42894594517343802261
-0.06910908846297155990
0.99503610777235991107
0.07160361807234131249
-0.32657414282176764066
-0.84218963616780234913
0.42902907357400898676
-0.14307683763202120538
-0.73967105651650654744
-0.65758326216911514210
-0.15130733042134947599
-0.17878017005823203750
-0.97218503514234069097
-0.92535130110791744416
0.37770516078754501591
0.03261565655232270775
0.45959835153780006579
-0.82325805264203223418
-0.33318993685852163598
-0.80892196381153895212
0.53962334864349687131
-0.23334930482446758144
-0.93063512321218001953
0.23402011176324682300
-0.28134117141678354034
0.15719154784263437909
0.05583469430724174966
-0.98598849090567667378
0.27570539441744080735
-0.75064126175514838565
-0.60043670077682810214
-0.86278585977275103167
0.05569111435885878333
0.50249284567808854143
0.67310766803097918270
0.08861386069738290038
-0.73421635158187667760
-0.36654020384161090623
-0.82648494032877158150
-0.42728318756709490233
0.01213443876010629812
0.65632356647115581308
-0.75438195331712406159
0.95551499973095840973
0.28353705012648186489
0.08122700594457154106
-0.25843043875756028810
0.94497762197923676042
-0.20057667432192007214
0.57066186198686085201
-0.60367563344814852550
-0.55670528006716947116
-0.77631540079406958707
-0.62635468316546340360
-0.07081108223036177188
0.67600537216212855892
0.69457779713430215248
-0.24612683830903582910
0.47525965669502418230
0.28407684859702580560
0.83272360529128164827
0.55080040689217607087
-0.75681181968924975006
0.35193008019500095502
-0.65236402445952002579
-0.65290350135948655060
-0.38488725297611728193
