0.537805919933
-0.832501282642
0.133065423326
0.828154382499
-0.469861834981
0.305598060817
0.664721324137
-0.295998005632
0.685952434138
0.479132639989
-0.682336245145
0.552131471534
0.178405092813
-0.979617025774
-0.092315251565
0.156588402718
-0.922608512987
0.352524614599
-0.290193151899
-0.882040498407
0.371204113341
-0.269657129753
-0.960376558543
-0.070440742287
-0.077355994587
-0.880234313781
-0.468191844166
0.485359576965
-0.795281476343
-0.363253980617
0.232754820899
-0.664080601861
-0.710508372632
0.665671827084
-0.453824149135
-0.592388943422
-0.035480117406
-0.713125545872
0.700137927193
0.273256540110
-0.429423005475
0.860771018132
0.988305475740
-0.093425139064
0.120515683680
0.853982717229
0.073580833684
0.515072208130
0.954698229180
0.228177072353
-0.191014436240
0.923557235979
-0.198204643051
-0.328263539467
0.736760332035
0.404731530934
-0.541642502956
0.724640292519
-0.019284168208
-0.688857436132
0.392960841994
-0.249792352615
-0.884977715671
0.760075401227
0.631172834497
-0.154616420353
0.887865937533
0.406443060407
0.215634217173
0.653318875891
0.470523095789
0.593112521141
0.540301038285
0.109094949394
0.834369870049
0.139621530234
-0.020701868852
0.989988515550
0.222609048629
0.423356291848
0.878188283696
0.304117623116
0.752629417534
0.584004649958
-0.277361816612
0.141046658745
0.950355861108
0.437143320932
0.283811755081
-0.853438108267
0.395931459143
0.689845478777
-0.606095285473
0.035095956445
0.482543076624
-0.875168814026
0.399241194411
0.893425841604
-0.205904672701
-0.034865406271
0.813743668422
-0.580177253561
-0.055308425228
0.984661784328
-0.165475522607
-0.119547876305
0.865248455230
0.486881316126
-0.386563023690
0.913183672663
0.129091474148
-0.454270155419
0.835924752756
-0.308007197360
-0.740895581950
0.671608653030
-0.003943833466
-0.035992548506
-0.376012603445
-0.925915254493
0.079628945885
0.052244801504
-0.995454525176
-0.413900783109
0.597802617249
-0.686526163050
-0.765448690867
0.472431645200
-0.436917202985
-0.328507708985
0.222591015569
-0.917897556879
-0.448304996398
-0.207424019952
-0.869481400693
-0.348099469657
-0.614289200312
-0.708149375206
-0.563452029486
-0.753189696461
-0.339451162340
0.606724785859
0.754963104402
0.248828746763
0.209703530913
0.957919534836
0.195996412985
-0.199241510744
0.558668051652
0.805104234531
-0.532861103559
0.689833735521
0.490090258677
-0.847551157542
0.405887212503
0.341924854429
-0.955748079461
0.284071121321
-0.076480106156
-0.621025800347
0.313394823794
0.718408407330
-0.857767724813
-0.008729262220
0.513963354968
-0.986740672227
-0.127390978088
0.100570296186
-0.936275755244
-0.076953374270
-0.342732969425
-0.719718931683
-0.399552044892
-0.567770043944
-0.562310366059
-0.175458178645
0.808097444476
-0.163277747695
-0.345537221397
0.924091124152
-0.816272630632
-0.447685865445
0.365070347140
-0.864738638115
-0.479187519245
-0.150354278792
-0.633800516672
-0.766140511133
0.106421906896
-0.492150460930
-0.587002738787
0.642818565742
-0.716527093560
0.104563184839
-0.689677797649
0.803078795087
-0.581853289428
-0.128495908356
