9.785829565216933600e-01
-4.439043339973337100e-02
2.010096679959589000e-01
-9.282671001862086200e-02
-7.244766199291368100e-01
-6.830203723778464100e-01
-9.498811799849799000e-01
3.071542002002772800e-01
5.815531970224429400e-02
7.910360298562103500e-01
1.864164700137084000e-01
-5.826756380499814600e-01
6.834018018730534400e-01
-6.208050422387251200e-01
-3.841393975207939000e-01
-5.804962054053957000e-01
4.457718262817808000e-01
-6.814041637701832000e-01
-5.587253526671487300e-01
2.334048695260345600e-01
7.958317329489350600e-01
8.381942653843531300e-02
7.524644492114176400e-01
6.532775492910540800e-01
-1.881335287950871300e-01
-9.758606285262927400e-01
1.109135205255752700e-01
-1.496260577076271300e-01
-4.957654808219942900e-01
8.554698304909476000e-01
5.407132631361989400e-01
-7.194379669320841700e-01
4.359336862473847100e-01
-3.858945513080154800e-01
9.223289597641133300e-01
-1.986668697176948900e-02
4.859570671044514700e-01
5.045016878176214500e-02
8.725253631850088400e-01
7.814022218929883600e-02
3.393889204780793600e-02
-9.963645202850081000e-01
-8.083325348336992700e-01
-3.361833175357866200e-01
-4.833004139662605000e-01
-8.134280101207949100e-01
-4.687863146354747700e-01
3.443461391701869700e-01
6.822000714023489500e-01
7.281076819944097800e-01
6.680019460568503700e-02
1.894089999786350300e-01
7.694316214666699900e-01
-6.099993529621687800e-01
