-6.062441839799961900e-02
-5.478626195363558400e-01
8.343687614050916400e-01
2.803489420229073900e-01
6.193245994287810400e-01
7.333767866854092900e-01
-5.838129887089128500e-01
-7.575120374202126700e-01
2.921265263173566900e-01
6.358163257930910000e-01
-7.717599164548864000e-01
1.114590545989208900e-02
1.745134406875857000e-01
-1.781693021501835300e-01
9.684011352692112300e-01
-6.786047885866840500e-01
6.884148878619808000e-01
-2.560868662723613200e-01
-7.747204967987411100e-01
4.754681191385773700e-03
-6.322859676180392400e-01
-6.317230177929386000e-01
4.400065496562221600e-01
-6.382164719358232000e-01
-8.142189698428876600e-01
2.654835319023314300e-01
5.163002648039710700e-01
8.677802001699001000e-01
4.129247381797636100e-01
-2.764971695917734000e-01
-6.809121391650770900e-01
-1.214989393747017400e-01
7.222164955665727500e-01
-3.574953061558865400e-01
-7.058032254585874200e-01
-6.115872080159651100e-01
-1.496776540939973300e-01
4.927401758253368000e-01
-8.572069289223774900e-01
2.821148747201999700e-01
9.306719492193297200e-01
2.329397355495610200e-01
7.573768604841556500e-01
-5.410469186329132100e-01
-3.655797081909686900e-01
6.686635218863146200e-01
7.430050761938692400e-01
-2.885396417708769800e-02
6.546906285416119700e-01
-1.490980514608699100e-01
7.410465248217287200e-01
5.532385733855372800e-01
6.653037322788375500e-01
-5.012963442258324700e-01
8.962500110393585300e-01
4.050594445214532000e-01
1.807284264190934800e-01
-1.375984655783661900e-01
8.997775480347115500e-01
4.140857716984751000e-01
-9.566792845220296600e-01
-1.579807604764062700e-01
-2.445543413757233500e-01
-9.068203713996746400e-01
2.938081507652016100e-01
-3.022475550910028700e-01
9.229257260374089700e-01
-8.981720970323375800e-02
3.743540744528456900e-01
-8.425937818656458200e-01
-5.383133548928169500e-01
-1.595151106912767400e-02
-2.828223997243994300e-01
-1.628165259192937700e-01
9.452524896035471300e-01
-5.960707623419583800e-02
-3.538687980505748100e-01
-9.333937380489824000e-01
9.120162119391197500e-01
-4.077231567512383800e-01
4.458987114832173300e-02
-4.790061886398808700e-01
2.749260463169627700e-01
8.336478514943933500e-01
4.089895208724002600e-01
-8.169137328092156400e-01
4.066688148411161700e-01
-1.546204718220156300e-01
9.731562574950469700e-01
-1.704682028759949300e-01
4.464831811831655500e-01
-5.448754205499579300e-02
-8.931315002178379400e-01
-9.005254995346455600e-01
-2.633736901611474200e-01
3.459597144448718400e-01
2.464942611896447600e-02
9.220220753255346800e-02
-9.954351604791392700e-01
-4.217218958750363900e-01
1.263182801916145100e-01
-8.978832522265898200e-01
3.036188341091115000e-01
4.262248342921702800e-01
-8.521431770581959800e-01
-9.855621107635792500e-01
1.235493890975844100e-01
1.157707833645948100e-01
-5.590011598173512100e-01
6.459819371757984400e-01
5.198317421680394000e-01
4.860512378291219100e-01
-4.807414509636667200e-01
-7.298231645612016600e-01
4.082932175929818700e-01
2.077746265027725100e-01
8.888905180331284600e-01
9.308892989432961100e-02
-7.136485909074767900e-01
-6.942911059684558900e-01
-3.650271585312370900e-02
-8.634609270103780200e-01
5.030932113055441900e-01
-7.423237524751126500e-02
-9.402297767082298300e-01
-3.323515028645202500e-01
-7.359898304875790400e-01
-4.970409234984642400e-01
-4.596403918137075300e-01
-4.168543617798240600e-02
2.257635942251930700e-01
9.732898457978351700e-01
-2.259399761163365700e-01
-9.690470435244783500e-01
9.949349038513519200e-02
2.248543775156102400e-01
-9.742310529091875400e-01
1.773032598469128200e-02
-5.344684434752443600e-01
-8.200264656693296800e-01
-2.046950867290596200e-01
6.920836806716458300e-01
2.629980442561533600e-01
-6.721995296527855100e-01
7.356475314123331900e-01
-4.996541204487055500e-01
4.573493953702910100e-01
-4.932378394452084900e-01
-5.377084668151657100e-01
6.838026312136467100e-01
7.545865138030902800e-01
2.739720933033656400e-01
5.962704799648149700e-01
1.207651344912462200e-01
7.758624140604866200e-01
-6.192360589787590000e-01
-8.209122929384589100e-01
5.491705217567443000e-01
1.565718535878883300e-01
4.040096470215690500e-01
-8.323688560732145400e-01
-3.793920038072434700e-01
6.104546170253650800e-01
6.715498434390051500e-01
4.199594841522961700e-01
9.976591363805248400e-01
2.967192736257732000e-02
-6.161026150776633500e-02
-4.984498408878873000e-01
-3.161935646176197700e-01
-8.071984798135108900e-01
8.709068214210733400e-01
-1.117774417017279200e-01
-4.785677715108481700e-01
2.980276167528755900e-01
9.276722754511964600e-01
-2.249526372634928200e-01
3.904032432415400800e-01
-5.230013441293164300e-01
7.576641087615377800e-01
-3.309299231944402600e-01
7.721113544639011100e-01
-5.425213749175621400e-01
-1.763481120374372200e-01
6.135242540993071100e-01
7.697332869330262300e-01
-4.892627033648394000e-01
8.634708420905272700e-01
1.226381341818478100e-01
