-9.052806746072423700e-01
3.792363197874832900e-01
1.914333145946705300e-01
-7.437561827977240400e-01
-2.169583325257742600e-01
6.322624632996919300e-01
8.306471135880418900e-01
-2.359912999964007000e-01
5.043148609885134100e-01
2.410231326465249700e-01
3.631680236602604600e-01
9.000093533513727800e-01
-3.296515400302380500e-01
-4.463861059521903000e-01
-8.319070300030722000e-01
-7.496371623059880900e-01
-6.520236689152395500e-01
-1.136189247622764200e-01
6.766382681062626000e-01
-7.021341439955423000e-01
-2.217392567178953500e-01
4.581907787786254600e-02
-9.718924717053361000e-01
-2.309234408736254900e-01
-1.545707965157881700e-01
-8.467154874530089500e-01
5.090979789507010800e-01
-5.397446586024675600e-01
7.752216230035866600e-01
3.281876578084411100e-01
6.694878254124325700e-01
7.957857989800551400e-02
-7.385481035423143700e-01
4.979076074581123000e-01
7.039591959248366900e-01
5.064873788241872600e-01
-3.711229986327618800e-01
8.879332752872508600e-01
-2.717392473005730800e-01
-2.106705016742058500e-02
-5.442799369789309600e-01
-8.386390937700520800e-01
-4.389096638116994900e-01
6.574507138163013800e-01
6.124678488828101400e-01
2.433975785893302300e-01
9.014809334459121800e-01
-3.578962773910031000e-01
9.055791409002322800e-01
2.370503317309864700e-01
3.517578141173649500e-01
9.627884536053575900e-01
6.806290188936105200e-02
-2.615450916966390300e-01
8.756723980946477000e-01
-4.676191413785312800e-01
-1.205412370584201800e-01
3.980085859723256900e-01
1.390177403205125900e-01
-9.067873142961849800e-01
7.349136775651441400e-01
-5.333037884793646600e-01
4.189140194851831400e-01
6.131057673628292900e-01
-3.940887610334364300e-01
6.846863270531750000e-01
1.015466054765535000e-01
-2.558026878555340100e-01
9.613809192001230300e-01
-7.383422535042142300e-01
-4.924324607043600300e-01
4.608264188769645200e-01
1.341585841505048000e-01
7.646728243867864100e-01
-6.302990924498200800e-01
-1.569412733925484900e-01
-6.228696146721274900e-02
9.856418067112958600e-01
2.685472004531364600e-01
-6.341591013229497300e-01
-7.250687107702633600e-01
5.174756611869125700e-01
-8.555689335874223600e-01
1.485732005607006000e-02
-9.841013320473471800e-01
1.719405094551068300e-01
-4.450875723894584500e-02
5.368760679968979100e-01
-4.534179911429271300e-01
-7.114606193740471400e-01
4.935827920711272600e-01
1.658734847932156500e-01
8.537341590997898900e-01
2.178568967147877200e-01
-9.750158729810739500e-01
4.338686424203453500e-02
9.054146406136494000e-01
3.789337328096452600e-01
-1.913989412233115800e-01
7.436794749249999700e-01
-2.171638262047846100e-01
-6.322821452195014300e-01
-8.307304513176037000e-01
-2.356520108677576400e-01
-5.043362440154710600e-01
-2.408947621320687600e-01
3.633347833398686800e-01
-8.999764156869360900e-01
3.294937563833104700e-01
-4.465780056051373800e-01
8.318665454351158500e-01
7.494066930628705500e-01
-6.522988444070126900e-01
1.135597903214359000e-01
-6.768863587123833400e-01
-7.019150841359621500e-01
2.216756009386149900e-01
-4.616253873143677500e-02
-9.718971537622604900e-01
2.308353147304056900e-01
1.542715716781301000e-01
-8.467238931026768200e-01
-5.091747548936476100e-01
5.400185880670496100e-01
7.750605876882495900e-01
-3.281173722228302200e-01
-6.694596729257145100e-01
7.974819939688591900e-02
7.385553269858324800e-01
-4.976587939866415300e-01
7.041810316692339600e-01
-5.064235375701005000e-01
3.714367605257737900e-01
8.877774240762620300e-01
2.718197532017051500e-01
2.087469068517049500e-02
-5.443633889390596700e-01
8.385897376378872400e-01
4.391419847102930300e-01
6.573510977052936500e-01
-6.124082393390460900e-01
-2.430789920561950100e-01
9.015344363640618300e-01
3.579780212117469300e-01
-9.054953067846320800e-01
2.374022367880508100e-01
-3.517363037262935000e-01
-9.627643447217100200e-01
6.837942459021985300e-02
2.615512776212095000e-01
-8.758375986862301200e-01
-4.673205837683090400e-01
1.204988494301292400e-01
-3.979594477488239700e-01
1.390761619779986000e-01
9.067999223185457800e-01
-7.351020907988298200e-01
-5.330060547755332000e-01
-4.189623630778908600e-01
-6.132449863255760000e-01
-3.938099838714685900e-01
-6.847220482427143200e-01
-1.016369826166787400e-01
-2.556796121717310200e-01
-9.614041084186660800e-01
7.381681925889778100e-01
-4.926515676934925000e-01
-4.608710799117971500e-01
-1.338883558337212200e-01
7.646630321050297300e-01
6.303684283846117100e-01
1.569192676070845200e-01
-6.225304662918099800e-02
-9.856474530170721300e-01
-2.687713027005452800e-01
-6.341299017016462900e-01
7.250112099909299400e-01
-5.177779807244853300e-01
-8.553846571783926300e-01
-1.493489004574739100e-02
9.841620324594299000e-01
1.715886876586336100e-01
4.452433191988283000e-02
-5.370362806243289500e-01
-4.532927440943128100e-01
7.114195115715024100e-01
-4.935241290401713400e-01
1.661253144410153000e-01
-8.537191071757819200e-01
-2.182014462189896000e-01
-9.749348848980701200e-01
-4.347526971426724600e-02
-9.055480300834294300e-01
-3.789163813185201800e-01
-1.908013133615656700e-01
-7.441206249906805500e-01
2.172212116300515900e-01
-6.317431762048968400e-01
8.303782255857882200e-01
2.356978288897480200e-01
-5.048945790258170300e-01
2.402665010289326800e-01
-3.632530582458769500e-01
-9.001773292848090900e-01
-3.289130123058973700e-01
4.465024615931419400e-01
8.321368770383424900e-01
-7.493272241677209100e-01
6.522885069805938200e-01
1.141420815568298900e-01
6.770409474446631400e-01
7.018949750147499600e-01
2.212668062142999500e-01
4.632368322355272900e-02
9.718761918585254700e-01
2.308912819297743700e-01
-1.546269154118681000e-01
8.467701167187725600e-01
-5.089900651901641000e-01
-5.402475096869976400e-01
-7.750308092397452100e-01
-3.278107274116927600e-01
6.699750249773153100e-01
-7.981523712156111900e-02
7.380806147229953500e-01
4.973051626634537600e-01
-7.041350308059277600e-01
-5.068347201802686500e-01
-3.712469657605999000e-01
-8.878021128480890800e-01
2.719983434435164800e-01
-2.028932584785118200e-02
5.442872438520710600e-01
8.386535276480721100e-01
-4.395693645270301000e-01
-6.572955035335095200e-01
-6.121612490218024700e-01
2.433287758610195900e-01
-9.015669285951182200e-01
3.577264039759197600e-01
9.052495638565329900e-01
-2.373702701999611000e-01
-3.523898153504926900e-01
9.629466729509181800e-01
-6.840314210447472100e-02
2.608729867253266600e-01
8.759215093176007100e-01
4.673096685545526400e-01
1.199299094897132400e-01
3.985923001647943600e-01
-1.391584843164661600e-01
9.065092909022401900e-01
7.348094894534210600e-01
5.330441167729039800e-01
-4.194269707386464900e-01
6.127669078186994700e-01
3.938721730006616300e-01
-6.851141715203726800e-01
1.009658980212712900e-01
2.557669078062414500e-01
-9.614515985258914600e-01
-7.384896889405513400e-01
4.926933883941841400e-01
-4.603109865744523000e-01
1.343283013096085400e-01
-7.647202608355506700e-01
6.302053872626626200e-01
-1.576072173986443900e-01
6.234253611228975800e-02
-9.855320254638833000e-01
2.692773210803661700e-01
6.340640781142139500e-01
7.248810034736414800e-01
5.177674570203936200e-01
8.553860261167236500e-01
-1.521863249030305800e-02
-9.841307197992130700e-01
-1.715927608538171400e-01
4.519569415384120500e-02
5.375327408054410000e-01
4.532281638509041400e-01
7.110856376376397700e-01
4.929281006239227800e-01
-1.660477822205797500e-01
-8.540784633948562700e-01
2.181710778638205300e-01
9.749388352567158700e-01
-4.353904330617679200e-02
9.054140640770224100e-01
-3.792536712786082600e-01
1.907669399902065200e-01
7.441973328634049500e-01
2.169009471005071400e-01
6.317628581247062300e-01
-8.302948878562266300e-01
2.359454819744106200e-01
5.049159620527747800e-01
-2.403948715433896200e-01
-3.632497487542521400e-01
9.001443916203721900e-01
3.290707959528249600e-01
4.464616499641860800e-01
-8.320963924703862500e-01
7.495576934108385500e-01
6.520340063416584200e-01
-1.140829471159894200e-01
-6.767928568385422900e-01
7.021542531167540600e-01
-2.212031504350194000e-01
-4.598022236997904900e-02
9.719134336090714500e-01
-2.308031557865545300e-01
1.549261402495255800e-01
8.466692638369134300e-01
5.090668411331105100e-01
5.399735802224152600e-01
-7.752514014520912600e-01
3.277404418260818600e-01
-6.700031774640335900e-01
-7.951154217333078500e-02
-7.380878381665135800e-01
-4.975539761349245200e-01
-7.040051967881432200e-01
5.067708789261818900e-01
3.709332038675878800e-01
-8.879085865154242600e-01
-2.720788493446487700e-01
2.048168533010087300e-02
5.443560820659190100e-01
-8.386041715159071600e-01
4.393370436284360600e-01
-6.575063079880856300e-01
6.121016394780384200e-01
-2.436473623941549100e-01
-9.014484412148553400e-01
-3.578081477966633100e-01
-9.053333979721331900e-01
-2.370822983190763500e-01
3.523683049594215100e-01
-9.629707818345659700e-01
-6.803918437510621300e-02
-2.608791726498976800e-01
-8.757563087260182800e-01
4.676300565922876200e-01
-1.198875218614223300e-01
-3.986414383882964700e-01
-1.389354179820452300e-01
-9.065218989246010000e-01
-7.346210762197356000e-01
5.332657264819940000e-01
4.194753143313545400e-01
-6.126276888559532000e-01
3.940265719042431700e-01
6.851498927099120000e-01
-1.008755208811459400e-01
2.557153922210243000e-01
9.614747877444344000e-01
7.386637498557876400e-01
4.923906400036685000e-01
4.603556476092850500e-01
-1.345985296263925400e-01
-7.646155956562654700e-01
-6.302747231974542600e-01
1.576292231841083800e-01
6.219747198410406600e-02
9.855376717696595600e-01
-2.690532188329575200e-01
6.342249249103816300e-01
-7.248235026943080600e-01
-5.174651374828207500e-01
8.555675646490912300e-01
1.529620247998020500e-02
9.840700193871302300e-01
-1.719364362599233000e-01
-4.521126883477785000e-02
-5.373725281780100700e-01
4.534825713863355200e-01
-7.110445298350948100e-01
-4.929867636548785900e-01
-1.659510170136517200e-01
8.540634114708483000e-01
-2.178265283596185500e-01
9.750119226224280800e-01
4.362744877840946800e-02
