6.244008973947365900e-01
5.768997342538949600e-01
5.266025217851060300e-01
-4.619691124863982700e-01
-6.375986396132107300e-01
-6.164839932000770700e-01
3.625884132092513900e-01
6.343709571015415700e-01
-6.827174608814919900e-01
-7.305888214365753300e-01
-2.976535260360850700e-03
-6.828111849038207600e-01
-4.900225489832257800e-01
-7.877577934107402600e-01
3.732499971984243300e-01
-9.359906725172898500e-01
3.064214357203921500e-01
1.732840578116904000e-01
-6.956530047376278900e-02
-9.936781940526118200e-01
-8.811535413499249600e-02
-7.399908993298737200e-01
6.132012401320694500e-01
2.764013531252281200e-01
8.284106428189220700e-01
-5.066475254389617400e-01
-2.388390500544609100e-01
6.730085378073395700e-02
-2.080096213041599300e-01
9.758086864366828400e-01
7.567052388396904300e-01
2.326040818339831200e-01
6.109766956494632200e-01
4.391299172293261500e-02
8.118638932113306800e-01
-5.821929818004361000e-01
-9.354170993500534600e-01
-5.813627989600583100e-02
3.487334558131546800e-01
9.010952007590923300e-01
3.341797981676572500e-01
2.763173929841460900e-01
-7.424412655782229900e-01
-2.122117357257168600e-01
6.354110058748471100e-01
6.810288994640219000e-01
-4.438131276826869400e-01
-5.824341557561113500e-01
6.789648395289483700e-01
6.768243553272538200e-01
-2.844565673688634300e-01
-2.136087677654386600e-01
4.547157741707264600e-02
9.758604562031060200e-01
-1.767968293202872000e-01
-7.717838713585624100e-01
6.108130131661271300e-01
-1.610875154030423400e-01
-9.475317110216421300e-01
2.761059017653803000e-01
-6.038002679207217200e-01
-7.453382158553383300e-01
-2.826591241132082600e-01
-8.118771765912320400e-01
2.521443546891856700e-01
5.265725728981939200e-01
6.765536535627317800e-01
4.471222835166403000e-01
-5.851126536264486000e-01
2.505496507881360100e-01
3.481295985305154500e-01
-9.033441509839566000e-01
7.251951385327971600e-01
-1.390866062939959100e-01
6.743492618799371600e-01
1.875592219777176600e-01
7.489167244155958700e-01
6.355668950958095500e-01
5.014833462160586100e-01
1.039279800973942500e-01
8.589024557077599200e-01
-5.927243306133679300e-01
1.063105498270507800e-01
7.983582747704223200e-01
4.174265522559038600e-01
8.390741216287672700e-01
3.488691615558211500e-01
-2.203691163439763800e-01
9.731216625214588200e-01
6.687063999429707100e-02
-9.269576496884025500e-01
-3.566523552389117600e-01
1.163985102425716400e-01
-4.320594246282339900e-01
-9.017025734290602400e-01
1.603504478727394200e-02
8.229489157026623800e-01
-3.923945683985741200e-01
4.108303601671975400e-01
7.333966224400211300e-01
6.573367761721330400e-01
1.733140412234287800e-01
8.967090607919309100e-01
2.090400689756642400e-01
-3.901475488277516600e-01
-3.436347683733552700e-01
8.956475559668175500e-01
-2.823660770270696200e-01
5.614945723112509900e-01
-7.372857342093727100e-01
-3.756775098356990900e-01
4.896323389791471500e-01
8.716733494051984700e-01
-2.111266355845484200e-02
-4.371368693383158600e-01
8.181555955687344100e-01
3.735408664452469200e-01
8.953443961296481100e-01
4.366193050665931300e-01
-8.787488129381046400e-02
5.660713887711589200e-01
1.622160588772662300e-01
-8.082382897741352500e-01
4.883252806192361900e-02
-8.093244749199306500e-01
-5.853283510121991600e-01
1.546306928038612700e-01
9.810653257851882400e-01
1.166197898514675400e-01
-4.234162287340576500e-01
4.093587418170530600e-01
-8.081733215979030000e-01
-1.427042684144965200e-01
-5.711339999465299100e-01
-8.083572513940606700e-01
9.474178698615386400e-01
-1.501552528314465100e-01
-2.825823418300392700e-01
-8.530197960374101800e-01
-4.640399773982199500e-01
-2.387972507056038100e-01
-4.266491227216192600e-01
4.317974914432168300e-02
-9.033858728941395200e-01
3.885797430639726900e-01
4.599553542418686700e-01
7.984026899908179800e-01
2.466112276022343600e-01
-9.263403591529119100e-01
-2.847392516408183100e-01
-9.255933569033021300e-01
2.496711982116967500e-01
-2.845017230879492400e-01
1.760445826324047700e-01
-3.908166568908116300e-01
-9.034769757013578800e-01
-1.276729332804571700e-01
-1.770954021455049000e-01
-9.758774721482640400e-01
2.459464835041585300e-02
9.708176997003625800e-01
-2.385541808919226500e-01
-7.325720102897493900e-01
-6.774254391522278600e-01
6.658095921092512000e-02
3.578086154344748400e-01
8.550204142911069800e-01
-3.753839179644328200e-01
2.041930926339193300e-01
-5.667012896113433600e-01
7.982197875732197600e-01
4.244398487556947400e-01
-2.664576457949953700e-01
8.653618536691064500e-01
7.723340318729167200e-01
-6.244764762113367300e-01
1.163154068453377400e-01
-7.249772732264767600e-01
-3.677331734943103900e-01
-5.823918495453949100e-01
-9.193260044835128700e-01
-1.175298752070450400e-01
-3.755348531284369900e-01
5.180117350793317400e-01
-7.811280267929859900e-01
3.485725865276795800e-01
-2.673937993248755600e-01
-8.809932976400380900e-01
-3.903221305485245500e-01
-7.170299489384267300e-02
9.087726817731581800e-01
4.110850196566101500e-01
1.842921414039559700e-02
5.005533423606263200e-01
8.655095120897130500e-01
5.064453321509629900e-01
-2.201446520063176400e-01
-8.336962622775264700e-01
2.173295734722883700e-01
-2.173708404131376900e-02
-9.758562166998446800e-01
-5.648645935387179900e-01
8.250215845242899700e-01
1.635163708528357400e-02
-6.246588025938633300e-02
5.489087882945568000e-01
-8.335449333637758900e-01
7.832394977199689200e-01
-8.109877024464443000e-02
-6.164080455965653700e-01
-6.293389674215460500e-01
6.721660152197641600e-01
-3.900324500196953300e-01
-8.257844385157676600e-01
5.571068469263261700e-01
-8.781812007214430400e-02
5.100711124876075000e-01
-8.598652843444696300e-01
-2.142785534902930100e-02
-3.213078353535174800e-01
7.190335651485207900e-01
-6.162402186893069000e-01
-9.997047432642624000e-01
-1.179646978233572600e-02
-2.124310701403511100e-02
1.875082691304831900e-01
-8.293312331651343500e-01
5.263557301906078800e-01
1.463672049599856500e-01
1.620058433211721000e-01
9.758743505400669900e-01
-1.605760894556694500e-01
-4.864804440055244800e-01
8.588085334318195100e-01
-3.408550717342638300e-01
3.820840469137282100e-01
8.589700816483993900e-01
-4.829234477188492600e-01
-5.586661679679040300e-01
6.742974539558914700e-01
9.529451785686046100e-01
-2.957325938628104800e-01
6.661621101522123600e-02
9.969250018588882200e-01
7.667215920677916700e-02
1.618396339671375100e-02
3.679589208317931000e-01
-6.310220276399448600e-01
-6.829476064922366300e-01
2.026045740067089500e-01
-9.638526755301555200e-01
1.730300738742278400e-01
-4.428164814109198400e-01
-2.345676722083311900e-01
8.653852153495675800e-01
-2.422307159890012300e-01
6.973849809354854000e-01
6.745209178350725100e-01
-7.254217362516560700e-01
3.625213325967189800e-01
-5.850996393657508200e-01
-5.798712891781820900e-01
5.388465943542954900e-01
6.110594371578025300e-01
5.549206516002247500e-01
-5.370515372025714800e-01
6.353256777558553600e-01
9.271821045000422400e-01
-3.060143512201946000e-02
3.733589389091222500e-01
-4.440301029052547400e-01
-3.283094887130166800e-01
-8.336966758569608300e-01
-8.971593116710288600e-02
1.993646867526539000e-01
-9.758098038915350400e-01
-7.512209540580727700e-01
-5.166022169386370600e-01
4.108396617150837900e-01
