0.00000000000000000000
0.00000000000000000000
1.00000000000000000000
0.35409958306345372542
0.00000000000000000000
0.93520772306172078338
0.63599340267301408982
0.49249858045095038441
-0.59410229759713949977
0.89089424261037457336
-0.04727831901153371931
-0.45174352129845835694
-0.93912498583030019946
0.07676547429971431392
0.33489001619155258231
0.70870516252971224847
0.46223716302232374599
0.53298573876306282175
0.16096862515126526510
0.86988487372866183343
-0.46625037069688374578
-0.52694746914770619635
0.69299005084060208359
0.49202759495252597646
0.53553542055250685785
0.74624428061606998335
0.39537486893004948888
0.41664570745052173814
-0.82665970010216858049
0.37820641809737570659
0.43038151476031244958
0.32931143108045552092
-0.84043187297505640867
-0.40373837555480210217
0.88893097309467393890
0.21632625632901257713
-0.96286751704239951008
-0.23329865381344282061
0.13585979078976918057
-0.40382675109492916774
0.49811870616021987304
-0.76733415776530022562
-0.03086416823635533135
-0.65496229094693835526
0.75503099310996235848
-0.70143399465504678803
0.69036914534209109321
0.17714625116522928504
0.90729992896285757292
0.32619834684147472799
0.26533276733543966159
0.08597045784264627548
-0.25483824169229207331
-0.96315447927604360469
0.07625747321142517175
-0.87006586571991337421
0.48700121877513452633
-0.62612153465987676032
0.39690630149163581881
0.67114619247328777117
0.31613314263583321371
-0.75349163390780699828
-0.57646352335437086815
0.30087300710008837969
0.93320680737488898064
0.19647006964857782409
-0.61235068054438819429
-0.24975055891068229184
0.75010086145839510818
0.57473942360507623796
0.23989145017610163307
0.78238525490100571210
0.84583934326053881073
-0.23036392800615163946
0.48113227502024532369
0.53287438496895590600
-0.84533977569682963633
0.03802043488429266424
-0.78101523126530164021
-0.36401262707947769240
-0.50745444707707951970
-0.61094378986607982000
-0.18283810260486860802
-0.77027132483295965142
-0.10511265432914285206
0.69188107518120265424
-0.71431919175252818276
-0.70959056274291459956
-0.70375010703543088110
-0.03488581536689886901
-0.15619583861404615773
0.81534701746440646377
0.55750524760898144234
-0.80541540812132415747
-0.52995040470778363046
0.26544036789986783414
0.32149357968556900682
-0.65752591105498389820
0.68139676731862479149
-0.33493331699041693048
-0.86764439934366031759
-0.36744097411336121834
-0.82836152327189874928
0.41703611712652031269
0.37402949586188356911
-0.34600336910191629621
-0.48735734053071240742
0.80172594519633347129
-0.69977408836287550863
0.41995622836520994540
-0.57788665974667916132
-0.20513845684931775600
0.25592824011711141761
-0.94467928390117603925
-0.99579346548826260872
0.08933147796602602398
-0.02037795709294118128
0.11859663495880934844
0.10282402574608036222
-0.98760420103694188526
-0.19623182028817918025
0.88416656997853055337
-0.42396055151250568189
-0.60759705031038974276
-0.55836583155505954607
0.56484814119012606086
-0.75870469449572363217
0.06300814501537429951
0.64838041319265053294
-0.63496865794644283335
-0.66954966188966506359
-0.38538040127791718725
-0.07470101692475892161
-0.99179479627813556516
-0.10374410897018901505
0.97749139002068153128
0.20080361403914893451
-0.06471855239614349885
0.98060281425450902515
-0.15486950022784298434
-0.12013974602651286305
0.41308062126389807059
0.58858772628177980483
0.69493085181669453347
0.20221155495949884219
0.82626585162957521916
0.52573304011799978305
0.86785109295538129797
0.30675700486987020059
-0.39081276900763690335
0.82578526940715582983
0.12228471622923677981
0.55056801306186150504
-0.55054215577874259860
-0.78302891496774177012
0.28942883932831528742
0.17383530740330230562
-0.97234964023152101126
0.15594057535366171224
0.64528220439024857724
-0.11209556512045313946
0.75567549978650737604
0.49997071105434557489
0.76613199544595537770
-0.40382057109787101082
0.68394989592515883443
-0.20608150848579714170
-0.69981637000300494506
0.91406843188121786005
-0.37352911410362795094
0.15797120862730105544
-0.89221039243789321012
-0.42119938614574274193
-0.16294690158536334577
0.70852131411586080039
0.15289235922717280082
-0.68892777120209260659
-0.50964535066801206139
-0.51806502667320932012
-0.68692812191710853961
0.14504293920880155184
0.98157291027952243735
-0.12440726502524076027
0.09407604117994358585
0.44816189590607015387
-0.88898853397205652514
-0.42823709557299979067
0.18501820709549401923
0.88452317833868566728
-0.31342660870331420892
-0.76581969458058248811
0.56150151945408208189
-0.20067874226961446423
-0.94211611093314022906
0.26859872658168107308
-0.21737613106569291941
-0.42846529429988515509
-0.87702058654482193136
0.60470383353198874422
-0.53853793844506690040
-0.58677948376460315657
0.04099677953957399728
-0.35171832308410565845
0.93520772306172078338
0.05648382065292602734
0.62019627131979849997
0.78241048244861020124
0.32459854409641053925
0.64344521252898836009
-0.69326332922203206880
-0.94169728936020687787
-0.10148029043501835010
-0.32079271479393530844
-0.31153028629782297484
-0.08796586024299182793
-0.94615584770739903754
-0.54090072764735774264
0.83361387496892061733
-0.11186737813080141900
-0.05380602377921385048
0.96734859277828250181
0.24767238815610278777
0.63158051419496922115
-0.49583781255492497898
0.59602929267777214091
-0.31878507302748728597
-0.15415119831052680629
0.93520772306172078338
-0.90067561366288113343
0.43394518940786136300
0.02179475952534953955
-0.84572184371531164287
-0.24088740998861163549
0.47615944679461365895
0.01649457615700704857
-0.89824790652422167429
-0.43917949335351920081
0.44214418365315573905
-0.02606900944704469218
-0.89656507159722343487
-0.53491215414713783697
0.16838276593556359763
-0.82795907597027877057
-0.21156936300292034604
0.97441788009837652112
-0.07581688191375610232
-0.90840162092658517095
0.27003623092964231618
-0.31919731998133309037
0.56029135246554547180
-0.76716661551394669166
-0.31229630864486083360
0.78494165043520158285
-0.61491707323486648505
-0.07578653215662826887
0.39118227542084357875
-0.34823396759408564021
0.85188586747888510203
-0.32102026401537040465
0.56661563375205430793
0.75887595407896522456
0.71124984260172956517
-0.64543768495572450071
0.27844901910046270778
-0.10624619608584345389
0.33778434028681712640
0.93520772306172078338
0.76260162477555958285
0.63136795089714360688
0.14075962656109417212
-0.41478971943242349766
-0.90971968680126264937
-0.01896259737968373445
0.39867307310580094558
-0.37897706802208434314
-0.83512643515443884646
0.27162403814912504125
-0.94360133548750921816
-0.18930636958579006259
0.97597100881575641727
-0.02379267481406692861
0.21659754979303615127
-0.75888775355022667460
0.59348236391982147412
-0.26808219117955412482
0.25236302938690105484
0.34393025826166144523
0.90444727809349560439
-0.19853663624763132206
-0.71929930097983799036
-0.66572646010008657498
0.10157070502126823553
-0.58041401282145494928
-0.80796223030657716840
0.54183085381460650625
0.83876774295748922560
-0.05374010819242735430
-0.79678627059822149602
0.07398409486506360701
-0.59971492618841413956
-0.50321752174634160781
0.70945853652008708730
-0.49339711264482128876
0.76491101479528272966
0.60601035469626268335
-0.21831763429865361685
0.84805915358844476084
-0.39421918709462856220
-0.35410013349517520480
