-0.915793028096
0.175453706268
0.361301988159
-0.942284745828
0.334500991629
0.014441065760
-0.936027379137
-0.220183642338
0.274539449173
-0.997744228666
-0.037396807082
-0.055748838409
-0.910414001319
-0.409798378018
-0.056671294101
-0.898957031260
-0.187660285126
-0.395802821283
-0.771323416385
-0.564910554791
0.293148857104
-0.638507168678
-0.441901677621
0.630104358707
-0.791192273441
-0.092120884686
0.604589554203
-0.493001510756
-0.828977125125
0.264095506233
-0.690076152000
-0.722280752378
-0.045884847000
-0.750461940991
-0.542211210531
-0.377907235044
-0.666580262498
-0.316335332000
-0.674983489707
-0.467466519642
-0.063508567923
-0.881726553311
-0.273568615139
-0.419599033789
-0.865503820705
-0.102384259669
-0.100660060032
-0.989638830931
-0.365355903846
-0.708383593703
0.603910380518
-0.005739258698
-0.681812686146
0.731504287014
-0.271813060057
-0.437437154774
0.857185158531
-0.465566003903
-0.636224563415
-0.615196392152
-0.752446853983
0.055937697634
-0.656273346948
-0.451532268172
0.315738359547
-0.834522557580
-0.090473073217
0.280148969195
-0.955683618192
-0.402247698504
0.646289362034
-0.648464994868
-0.045617036459
0.619026719620
-0.784044007937
-0.123110896286
0.859201446966
-0.496605055096
-0.432074975549
-0.851544807562
-0.296955646888
-0.141513012433
-0.826748762424
-0.544481910758
0.051362926178
-0.608174460717
-0.792139934069
0.221827488380
-0.294529227442
-0.929540262485
0.428548728957
-0.541544719735
-0.723239450968
0.760865786438
-0.378521527081
-0.527071824863
0.567414756707
-0.193579449583
-0.800354603017
0.815075193243
-0.003502531409
-0.579344596621
0.569136131130
0.188922020340
-0.800245296439
-0.241629681798
-0.970284253547
0.012789221722
0.043847598883
-0.969336613566
-0.241793129913
0.146155177982
-0.981129050756
0.126587715483
0.240480985581
-0.813018201540
-0.530254938250
0.406954842046
-0.902358216914
-0.141906324394
0.508332205870
-0.832519844989
0.220247760884
-0.137929367737
-0.915913370853
0.376932602210
0.225262828464
-0.849579077044
0.476940300207
-0.621166900894
0.216642657669
0.753138526508
-0.725079537176
0.478939468878
0.494850128746
-0.780564026296
0.581850830192
-0.228406243910
-0.704028216897
0.425156487439
-0.568846403699
-0.917311141051
0.201598974680
-0.343362962346
-0.488791039793
0.813374751729
-0.315443866112
-0.156803024989
0.978399532850
-0.134711415525
0.190546438929
0.937956785852
-0.289705233790
0.585573240925
-0.698309228428
-0.411665156413
0.726915491586
-0.684398369146
-0.056504339683
0.654937065203
-0.587735861122
0.474998945445
0.364453233595
-0.585847839212
0.723848153837
0.115579947285
-0.372393444020
0.920849824150
0.238734972020
0.085732823257
-0.967292869896
0.289287109958
0.445397776390
-0.847309736046
0.270893323590
0.744742807254
-0.609897498174
0.534333964119
0.776324518123
-0.334376221269
0.585060075878
0.524939798129
-0.618177091095
0.846673998216
0.338352864547
-0.410682943155
0.972954624817
0.002092644626
-0.230986837039
0.911709508691
-0.371398831715
-0.175637921768
0.875162154971
-0.441125831003
0.198744065894
0.817296818694
-0.244566941313
0.521740281529
0.983784856145
-0.076175811285
0.162371803570
0.505723940573
-0.244393368812
0.827354323861
0.704749925559
0.071249727567
0.705868981290
0.891940595032
0.207847913039
0.401548527552
0.226715592857
-0.010255138327
0.973907014090
-0.145033585368
-0.099714740544
0.984389267329
0.429589203165
0.291327373483
0.854740591047
0.666144773314
0.446571932628
0.597348014122
0.797827134661
0.547386813161
0.252664876816
0.516449711663
0.748373893671
0.416192516265
0.068866410155
0.405120751057
0.911665834950
0.554356448587
0.831080030558
0.044664423396
0.202962021516
0.974967309689
0.090802879144
0.157561272723
0.871888185021
0.463665222071
-0.145744782273
0.957969751194
0.247087867444
-0.470615257487
0.880245937923
0.060731937155
-0.754370077664
0.639352188093
0.148844097990
-0.436156105252
0.790025901062
0.430844435386
-0.075382933721
0.697903006301
0.712214017765
0.310289874760
0.626927328139
0.714620401929
0.959041296497
0.281710439765
0.029648267094
0.796908673178
0.590513081322
-0.127400421511
-0.425319033948
0.543858434691
0.723409788694
-0.281675195411
0.252688208446
0.925639105485
-0.503710957525
-0.133265552651
0.853531231852
