0.000000000016
0.000000000007
1.000000000000
-0.346443754236
-0.225625944170
0.910532623506
-0.363464239270
0.197038291467
0.910532623506
0.000000000016
0.413437228067
0.910532623495
0.387538117225
-0.144029681824
0.910532623496
0.033243926312
-0.412098511167
0.910532623500
0.398826365117
0.277254875385
0.874109412238
0.341352827769
-0.618875920817
0.707439638137
0.304144428326
0.649494836503
0.696887813120
-0.429908937470
-0.578697908934
0.693027442227
-0.479536655865
0.539951472652
0.691734777832
0.719241969823
0.070352678477
0.691188461619
-0.715646430122
0.167432130884
0.678097831143
-0.701043906349
-0.255146857698
0.665911046896
-0.107786903324
0.739877602379
0.664050537964
0.663118510473
-0.347947253267
0.662726602765
-0.051762926010
-0.762171729260
0.645302142107
0.688535081997
0.469013013876
0.553124067162
0.911230045543
-0.148404055840
0.384234355972
0.310711246877
-0.874703387442
0.371957665683
0.668045721776
-0.648431608058
0.365036112305
0.103214528128
0.930674887371
0.350985776351
0.502279677762
0.790383432978
0.350726608887
-0.481346456880
-0.807491778444
0.340973043208
-0.933057521675
-0.118831413575
0.339533144765
-0.788001769420
-0.516170116432
0.335591451460
-0.672405062995
0.660069636865
0.334932091247
-0.317195870256
0.889675527506
0.328426910667
-0.897608880587
0.302272160018
0.320826804942
-0.091930522691
-0.957782940539
0.272397903462
0.925991740281
0.265973498234
0.267950359523
0.781519627591
0.618247055986
0.083651954281
0.894972692140
-0.439696973350
0.075435084349
0.535129622760
-0.844642890724
0.014651757384
0.331646394466
0.943391496416
-0.004811811193
0.999093900355
-0.039813013912
-0.015043343916
-0.096174013568
0.995228533532
-0.016453727794
-0.939246971773
-0.342697540092
-0.019326718018
-0.543887195826
0.838745928075
-0.026305633496
-0.996211813578
0.082662040193
-0.027000177736
-0.845413991654
0.533287299962
-0.029662070322
-0.644757028620
-0.762962958891
-0.046646515471
0.146882138101
-0.986261892434
-0.075585164144
-0.273555430211
-0.955486541305
-0.110511972140
0.921715653918
0.334256051753
-0.196756563269
0.598214246641
0.753477684738
-0.272783968954
0.738610588067
-0.614851973101
-0.276426211436
-0.299404923487
0.879863670843
-0.369048252296
0.121638137392
0.920514112022
-0.371292247564
-0.764142505522
-0.524725606930
-0.375165654993
-0.879578237090
0.292125045633
-0.375506434767
0.896327656976
-0.235159786013
-0.375894408554
-0.914328994847
-0.129371276116
-0.383751953869
0.393866602932
-0.835132328247
-0.383957150490
-0.653676536163
0.649529774333
-0.388353007358
-0.028042389522
-0.892961928001
-0.449257854166
-0.432871968108
-0.771482348110
-0.466301239308
0.709119307378
0.448300811143
-0.544220718672
0.370256333979
0.688858997789
-0.623204242856
0.633151844688
-0.431364039833
-0.642684842444
0.750810601360
0.043330997329
-0.659094731853
-0.616040760825
0.364271237496
-0.698426980103
-0.292076473141
0.635794252759
-0.714462736605
-0.531136004237
-0.447272068724
-0.719612563496
-0.682446767362
-0.052366247563
-0.729057052523
0.268866700956
-0.627546671659
-0.730681785736
-0.153172226073
-0.633143369507
-0.758727713221
0.456754735175
0.285971167032
-0.842374977977
0.079073308271
0.498080360731
-0.863518017284
0.444053264970
-0.140653942700
-0.884891612726
-0.271258503650
0.268902699086
-0.924180806240
-0.319497441838
-0.151262465729
-0.935436289183
0.067015993081
-0.323095631423
-0.943990502933
0.108948662555
0.095364295993
-0.989462399476
