-3.716775090797178600e-01
-5.152788961303623700e-01
7.722327942058480100e-01
-2.610189682260840000e-01
9.554146841888926400e-01
1.380285458245119100e-01
-3.817631477260862200e-01
4.031075379325730300e-01
-8.317218356519261400e-01
3.342896933043958800e-02
9.928746410785213000e-01
-1.143785430607601900e-01
6.955983526374792700e-01
7.050468440788852900e-01
-1.380285458245114600e-01
5.518939743706508700e-02
-2.408724925992294400e-01
-9.689863635364368600e-01
5.899056479422641900e-01
-6.773510921129696200e-01
4.395529826302910200e-01
-8.347039168745674200e-03
5.132566559567712800e-01
8.581945770355275900e-01
-3.777612225723462300e-01
8.971115600051787800e-01
-2.291010860422121300e-01
9.172776697671435300e-01
3.924965821334873200e-01
-6.743967348742237200e-02
9.663724167490866900e-01
-1.346899253054933700e-01
2.190501681527089700e-01
-7.688105968151016700e-01
-5.970284403603284300e-01
2.291010860422120200e-01
9.084525018914103600e-01
-3.559930836961686700e-01
-2.190501681527088100e-01
-1.067494582714605000e-01
-9.578535370329331900e-01
2.666854978289015000e-01
7.159438943486744200e-02
-6.312929232570855300e-01
-7.722327942058483400e-01
2.932533726358824100e-01
6.719105489699962700e-02
-9.536707091965804800e-01
2.647617954932902100e-01
7.452586640354947900e-01
-6.119564652221584100e-01
-3.781421354129659300e-01
5.533261281954994200e-01
7.421850990699692100e-01
7.047196188091978700e-01
4.123560470268394200e-01
5.773497634413805600e-01
-6.852680244331089700e-01
6.666150240563444300e-01
-2.933123665853582500e-01
6.131471748524715000e-01
6.067092283714808900e-01
-5.059194147088199600e-01
6.007264650267810600e-01
2.971346377232514400e-01
-7.421850990699689900e-01
9.901190174173912800e-01
1.653201984567423400e-02
-1.392516558904846900e-01
6.890629866193919200e-01
-4.171606363786700100e-01
-5.925953121037214100e-01
-1.661137609536106900e-01
-1.829525777415531900e-01
9.689863635364367500e-01
4.123563637889214300e-01
-7.047193393789511500e-01
-5.773498782783915700e-01
-9.239732214051371600e-01
-2.454411166335216400e-01
2.933123665853580900e-01
-7.952827686088992400e-01
3.508206514294468500e-01
4.944190413853240500e-01
-4.572540396712223600e-01
-8.819502775619757500e-01
1.143785430607601300e-01
7.316798573514753100e-02
-8.788855455379694900e-01
-4.713879969917424400e-01
-3.761778880716655200e-01
-8.873381777956431700e-01
-2.666854978289020500e-01
4.943418931579702200e-01
7.303557003002764100e-01
4.713879969917425000e-01
-8.550726974111851900e-01
4.994593661888001600e-01
1.392516558904848300e-01
-1.342774201531163300e-01
-7.794093014006341400e-01
6.119564652221585200e-01
-8.651787596588786900e-01
8.375873298194840000e-02
-4.944190413853241700e-01
5.302929929637795200e-01
1.644023409605445400e-01
8.317218356519263700e-01
-8.460971384145126200e-01
-3.015175083267773200e-01
-4.395529826302912400e-01
6.073902956689852800e-01
-7.915357977798935800e-01
6.743967348742246900e-02
2.373135910662792800e-01
-8.292935579852962500e-01
5.059194147088200700e-01
5.749408712741205200e-01
-2.201858747191663400e-01
7.880108978387995200e-01
-2.227380133985923400e-01
2.022373749032054800e-01
9.536707091965805900e-01
8.050770137461151800e-01
2.611126213591450200e-02
5.925953121037216300e-01
-2.587148792787529200e-01
-4.433606649067914900e-01
-8.581945770355277100e-01
6.090915086392603200e-01
-8.970149937899191100e-02
-7.880108978387994100e-01
3.716775090797175300e-01
5.152788961303620400e-01
7.722327942058483400e-01
2.610189682260838400e-01
-9.554146841888925300e-01
1.380285458245114600e-01
3.817631477260865500e-01
-4.031075379325727000e-01
-8.317218356519261400e-01
-3.342896933043960900e-02
-9.928746410785213000e-01
-1.143785430607606300e-01
-6.955983526374792700e-01
-7.050468440788851800e-01
-1.380285458245119300e-01
-5.518939743706478100e-02
2.408724925992298000e-01
-9.689863635364368600e-01
-5.899056479422644100e-01
6.773510921129692900e-01
4.395529826302910200e-01
8.347039168745394900e-03
-5.132566559567716100e-01
8.581945770355273700e-01
3.777612225723462900e-01
-8.971115600051786700e-01
-2.291010860422123800e-01
-9.172776697671435300e-01
-3.924965821334871500e-01
-6.743967348742273300e-02
-9.663724167490868000e-01
1.346899253054932000e-01
2.190501681527086700e-01
7.688105968151016700e-01
5.970284403603283200e-01
2.291010860422124900e-01
-9.084525018914102500e-01
3.559930836961687200e-01
-2.190501681527089200e-01
1.067494582714604300e-01
9.578535370329330800e-01
2.666854978289019400e-01
-7.159438943486723400e-02
6.312929232570858600e-01
-7.722327942058481200e-01
-2.932533726358821400e-01
-6.719105489699923900e-02
-9.536707091965805900e-01
-2.647617954932901000e-01
-7.452586640354945700e-01
-6.119564652221588500e-01
3.781421354129656000e-01
-5.533261281954996400e-01
7.421850990699691000e-01
-7.047196188091974200e-01
-4.123560470268393700e-01
5.773497634413810000e-01
6.852680244331090800e-01
-6.666150240563443200e-01
-2.933123665853583100e-01
-6.131471748524713900e-01
-6.067092283714807800e-01
-5.059194147088205100e-01
-6.007264650267809500e-01
-2.971346377232511000e-01
-7.421850990699693200e-01
-9.901190174173912800e-01
-1.653201984567416500e-02
-1.392516558904850800e-01
-6.890629866193916900e-01
4.171606363786703500e-01
-5.925953121037215200e-01
1.661137609536104100e-01
1.829525777415528200e-01
9.689863635364368600e-01
-4.123563637889214300e-01
7.047193393789511500e-01
-5.773498782783915700e-01
9.239732214051371600e-01
2.454411166335215300e-01
2.933123665853583600e-01
7.952827686088990200e-01
-3.508206514294471300e-01
4.944190413853241700e-01
4.572540396712223600e-01
8.819502775619756400e-01
1.143785430607607300e-01
-7.316798573514748900e-02
8.788855455379697100e-01
-4.713879969917421600e-01
3.761778880716655800e-01
8.873381777956432800e-01
-2.666854978289016100e-01
-4.943418931579703400e-01
-7.303557003002766300e-01
4.713879969917420000e-01
8.550726974111850800e-01
-4.994593661888002100e-01
1.392516558904848800e-01
1.342774201531161400e-01
7.794093014006340200e-01
6.119564652221588500e-01
8.651787596588789200e-01
-8.375873298194817800e-02
-4.944190413853240000e-01
-5.302929929637796300e-01
-1.644023409605448700e-01
8.317218356519261400e-01
8.460971384145126200e-01
3.015175083267774300e-01
-4.395529826302908600e-01
-6.073902956689852800e-01
7.915357977798935800e-01
6.743967348742258000e-02
-2.373135910662794400e-01
8.292935579852959100e-01
5.059194147088202900e-01
-5.749408712741207500e-01
2.201858747191660400e-01
7.880108978387994100e-01
2.227380133985920600e-01
-2.022373749032058100e-01
9.536707091965805900e-01
-8.050770137461154000e-01
-2.611126213591476900e-02
5.925953121037212900e-01
2.587148792787530800e-01
4.433606649067917700e-01
-8.581945770355273700e-01
-6.090915086392600900e-01
8.970149937899221700e-02
-7.880108978387995200e-01
