0.000000000000000000
0.000000000000000000
1.000000000000000000
0.415547172226819010
0.000000000000000000
0.909571628655101808
-0.226331902496792981
-0.389359366689761246
0.892845537303698593
0.391411396331233311
0.878123739995708420
0.275128726377279032
0.345637867653046857
0.678733420067926017
0.647962505803500291
-0.672815950780290079
0.611874019906392185
0.415847183637458650
0.769071552257952527
-0.509699891222981422
0.385661727936315066
-0.171960833028254480
-0.024274295925005703
-0.984804666145309262
-0.051806575392156500
-0.998234063351084757
-0.029066019880941892
0.584429959228137561
-0.348075854538870508
0.732997150228861754
-0.601782114472847733
0.330758858411936637
0.726950386396912811
0.509243406658213932
-0.423383392309891177
-0.749278089824669660
-0.564851449630640602
0.007457974966773168
-0.825158904975010779
0.886093590163930161
-0.460251037016185809
-0.054837326666446198
-0.732285610911473817
-0.609290131032728006
-0.304176462399921264
-0.425416856205643234
-0.883376781782609218
-0.196636618826472610
0.687176202052044453
0.602179451288026977
0.406409615757032159
0.005539081091538622
0.874812160625300650
0.484430595857398889
0.197934401911685018
-0.365378468010320940
0.909571628655101808
-0.046057345274999466
-0.631285890686968003
-0.774181403267852314
0.428795282971891537
-0.705864537955580073
0.563817221586757602
0.270436249331052536
-0.932218209451207911
0.240485852006592362
0.606408071769591385
-0.011899043649673367
-0.795064565461767559
-0.892704271197940770
0.250180047767199580
0.374818659999946046
-0.429222902561981548
-0.015745097600714239
0.903061344437802673
-0.945069737150740103
-0.172717134885879268
0.277510329967451840
-0.371285224180659784
0.882898749971336256
0.287466658247820236
0.013876928589370138
0.924079043590004305
-0.381949410329049266
0.352016112386744378
0.744590732364808553
-0.567158970568711884
0.819128582756727623
-0.316658636959934446
-0.478284091884343634
-0.329161523866817459
0.677689587230101230
0.657563316012663207
-0.678343554939534371
0.734692963446982121
0.008733323163968419
0.630549623967098530
-0.771925737477196344
0.080856833571672808
-0.991643264831382652
0.127427037311862809
-0.020149081281225059
-0.420521699797589995
-0.698159952564221513
-0.579425733493835745
0.206529594498211903
0.370341700479255719
0.905644826343383581
0.799705002269595579
-0.006138361833554343
0.600361749163774169
0.918735512680658598
0.263670192495090361
0.293944020740360355
-0.677552193967161856
0.370841028873120006
-0.635137745496684562
-0.898504290953071551
0.068492309833640745
-0.433588333137056057
0.336183603190610999
-0.923206369664371554
-0.186200386564876776
-0.853840836262686263
0.452730186382931235
-0.256887533111112523
0.508162519780248463
0.400581021841914430
-0.762434061693649849
0.652478431341573265
-0.680293673754885973
-0.333874847934253099
0.152923923823593277
-0.295495814791037435
-0.943025183631580829
0.107362254907932517
0.509633783385295767
-0.853666652185426271
-0.749201619253168519
-0.296790437175617648
-0.592125299332443711
0.592493434870296072
0.342131095257658149
0.729313268282837065
0.927436490997303261
0.353656689703051348
-0.121607980802612957
-0.375030011965277233
-0.372356332782129674
-0.848942431241581844
-0.069659978923754945
-0.894719988296235038
-0.441161682243060468
0.958434299436500970
-0.159242030596541629
0.236739665783226314
0.029982078059210211
-0.702113108263487101
0.711433945071386277
0.847566874475564443
0.177223164189648495
-0.500222293951730703
0.033692765064014083
0.996393131264627081
0.077881484006230768
-0.947847094615124656
-0.265979939240973669
-0.175614797642553131
-0.560369135647063503
0.716078428789546530
-0.416194804912864431
-0.130765171058740779
-0.915474445431174153
0.380535162370657150
-0.217828460767452978
0.711389738913904998
-0.668188147940150372
-0.823229776076312042
-0.557341292690801021
0.107997311277142458
-0.218392427505919478
0.353531045247482170
0.909571628655101808
-0.385751479507598266
-0.678662040349103853
0.624990904771333716
0.239034742065930353
0.120463382437729827
-0.963509712238094355
-0.330545080060253040
0.934414078648753795
-0.132703728926362370
0.712274609168848962
0.701873078344521695
-0.006250042283726735
0.309054468207293235
-0.756423619114695441
-0.576462179268105439
-0.326890290886247744
0.356336354047172129
-0.875309739754261349
-0.729318770824039049
-0.455874759658408144
0.510168926954691566
0.708874469131224637
0.570157868692204887
-0.415231250970211657
0.982073047866102465
-0.064417998996455580
-0.177152053502850102
0.376295863798551193
0.912625504734028113
-0.159737631749887416
-0.763789019289472721
-0.053434861192180040
0.643250378641317179
-0.515045635817097435
-0.828995256727519294
0.217933148807234500
