-3.519846091385184200e-01
8.790348649954127200e-01
3.215657647388806600e-01
8.718073736979765600e-01
-2.303270437342740100e-01
4.323208948113270700e-01
1.902729029943852900e-01
8.320776716795333900e-01
-5.210018912426863700e-01
-1.432272754820745600e-01
-5.808840501551476600e-01
8.012862583579815100e-01
-3.114651351814399800e-01
9.488390678382544500e-01
-5.190272546061458500e-02
9.819548771395754100e-01
3.928108913886413400e-02
1.849908519302131700e-01
3.214645213329706700e-02
-2.804518435113495500e-01
9.593296456830297000e-01
3.439613640917358300e-01
-6.075491675382995600e-02
9.370162325714468400e-01
5.455666055761018200e-01
-4.418900165198267500e-02
-8.369016734438826700e-01
8.805593120595659500e-01
4.015850395778018900e-01
2.516838372491950700e-01
-6.368048768113338000e-01
7.700597170933514100e-01
3.856917136016437000e-02
-8.729940108927835000e-01
3.466947002439366200e-01
3.430513689931836700e-01
-1.168534404408084800e-01
6.882919289277531500e-01
-7.159605394363990300e-01
6.787904214084854400e-01
-7.251043504573624300e-01
-1.160484586364572800e-01
1.684296376484634700e-01
-7.415254377921569600e-01
6.494393599626968600e-01
5.997519487781586300e-01
-6.401604612865906500e-01
-4.800960151283706300e-01
-5.353958955015037900e-01
-7.921894609832446100e-01
2.928943375813523600e-01
7.209683008448425400e-01
-3.065305843042826500e-01
-6.214850843447297100e-01
7.565630053107180700e-01
-6.085180758226226300e-01
2.394121350148057400e-01
-5.232972060876005500e-01
7.873848752181840100e-01
-3.258605413034174600e-01
-6.257025239629173700e-01
-7.761498343035768700e-01
-7.802426684670071800e-02
-4.812836259676794800e-01
-6.133828794730932200e-01
6.262008579878342000e-01
-9.421449116413485000e-01
-1.877162078714275400e-01
2.777149451698393600e-01
6.590059291271086500e-01
7.126802313530716800e-01
2.404122983831084000e-01
-8.778925053439193800e-01
4.786064071736023700e-01
-1.551309360998871300e-02
9.524871635763633200e-01
2.857180121790750500e-01
-1.055150261275247200e-01
-9.909361883222294100e-01
1.211208607404751200e-01
5.809653833833521000e-02
-5.267849728275190200e-01
-7.250994045990308800e-01
-4.435408051726935100e-01
7.737507037073249000e-01
6.233443830398421900e-01
-1.129231094377861600e-01
1.669899422063318700e-01
-1.478536984378639700e-01
-9.748095419414867200e-01
-6.552640960183837800e-02
3.729539790764138700e-01
-9.255331539905861100e-01
3.457260957923880000e-01
-4.508899312736951400e-01
8.229044516614034700e-01
2.653661170566721800e-01
-7.114979796712724800e-01
-6.506546310001660700e-01
-7.664791614895735100e-01
-5.058234447732323800e-01
3.957933017623989100e-01
6.680116786310733600e-01
4.958439656377603400e-01
5.548866181060010400e-01
6.591408860070453500e-01
-1.446497237294801800e-01
7.379767949053901400e-01
-1.884342823922327000e-01
-8.339753731663042100e-01
5.186305025463197000e-01
1.527946983630822700e-01
2.697911604110583300e-01
9.507189437032321800e-01
-1.795133780742884100e-01
1.292595950169703700e-02
-9.836706088235625000e-01
3.504778096709734700e-01
-8.806482470096354000e-01
-3.187851470302421300e-01
-3.368127926026309200e-01
3.659974699117130600e-01
8.675269418049457200e-01
3.615854998876788500e-01
9.237276620470720200e-01
1.264244147308090100e-01
-3.022106248500160400e-01
-9.294591268144861700e-01
-2.115997868832006100e-01
4.092586851336766500e-02
-4.927448960678907900e-01
-8.692108723925801000e-01
-6.651005404771092000e-01
-2.846203437304240500e-01
6.903857841756538800e-01
-2.386092084914936400e-01
-6.825409941708193700e-01
-6.907991291970283500e-01
1.295114849333050000e-01
9.764586082363047000e-01
-1.724974251158233100e-01
-3.449677327236423400e-01
-2.713128680717031300e-01
8.985469331082358600e-01
4.084530601612986200e-01
-4.004414672431722600e-01
-8.202516253912612900e-01
-5.458984267107094300e-01
4.770008515297685000e-02
8.364924444316105300e-01
-2.450004741782970500e-02
5.796387732471789400e-01
8.145051505208729100e-01
9.440122646829801600e-01
-3.226866340342298100e-01
6.865988890007244900e-02
-3.544372773443662000e-01
6.764931391401035600e-01
6.455472477867761900e-01
4.841644682601080100e-01
8.450671212964066000e-01
-2.268178303798259200e-01
5.239713187058779900e-01
6.485777982203174700e-01
-5.520877618905424300e-01
2.819645694692214900e-01
2.143654763197248300e-01
-9.351702647786948000e-01
-1.577440595620868400e-01
5.002067148871258700e-02
9.862123220162537500e-01
-2.784507886587247000e-02
8.427997670765116100e-01
5.375064689831474700e-01
-4.799512175541306700e-01
5.894281445576586800e-01
-6.497855732252167900e-01
-7.360440755424339000e-01
2.240240638994373500e-01
-6.387897444800321200e-01
8.010471405259834700e-01
4.145933647612749000e-01
-4.317821447802929200e-01
-8.663923021227109000e-01
-4.986298568989450100e-01
2.706740902722142400e-02
-5.757635028033685200e-01
-7.522968356903703100e-02
-8.141479494230138300e-01
-8.338518384329797200e-01
-1.410062460158929000e-01
-5.336743858631830500e-01
4.641839522364857300e-01
-7.844216905143177600e-01
4.113585661400234200e-01
3.486103374710157700e-01
8.003229863087179000e-01
4.878052379733535700e-01
-6.466029570902712700e-01
6.490186395137337300e-01
4.008483771276356000e-01
-6.567599709234581700e-01
3.671971791398725400e-01
6.586596786082619100e-01
-9.339871987148050700e-01
1.637489664980715000e-01
-3.175754848971893400e-01
9.663689044235707100e-01
-6.860399755043224100e-02
-2.478399323823505300e-01
5.916005373747889000e-01
3.222712971149666600e-01
-7.390196311558293600e-01
5.620705194096441400e-01
2.201186103397410100e-01
7.972606403132379600e-01
-8.255054809455034700e-01
3.797173314224595200e-02
5.631153064969085500e-01
-1.167066852936765300e-02
9.831384219200644000e-01
1.824901061444241000e-01
8.161973766763903600e-01
6.051967658514095100e-02
-5.745948233778377400e-01
-1.663359334129628800e-01
9.003945359410622200e-01
-4.020224333331634500e-01
-4.290156823599505200e-01
2.747809068504177300e-01
-8.604888131287286000e-01
-6.049874283269106600e-01
-4.283617332035473700e-01
-6.711903136169682400e-01
3.975372262078044100e-01
-9.157018838473437400e-01
5.877255905123493500e-02
1.239453188288588000e-01
-9.377001525743209300e-01
3.245858619880229200e-01
-3.065337504182382700e-01
-3.352761468073137100e-01
-8.908574326100501300e-01
2.371030426293334900e-01
5.650501281302684500e-01
-7.902534402809515700e-01
3.521879867637354700e-01
5.381524065941848400e-01
7.657386037390266900e-01
8.551185470428303000e-01
-4.320923529127838600e-01
-2.864759484802402700e-01
8.338518386242295100e-01
1.410062463003490000e-01
5.336743854892017600e-01
-2.200573646900019200e-01
-9.622575001181460400e-01
1.601101486854217000e-01
6.420616931696003800e-01
-4.946727817651226900e-01
5.857095023515850300e-01
-9.680759379083496700e-01
-1.861376617430338400e-01
-1.678742068446046100e-01
-8.046865036490135100e-01
-4.798958891123055200e-01
-3.495419380535560400e-01
-7.740535053608748100e-01
5.046673231412472900e-01
-3.822983962718000100e-01
5.854834943484341100e-02
-9.933115909508898300e-01
-9.951971694627904900e-02
-1.442301407266850600e-02
-8.880576679394929200e-01
-4.595057726285157200e-01
