6.537071707717075900e-01
-3.616750613996545500e-01
-6.647240666947495900e-01
1.511348802110449900e-01
1.936486042382137600e-01
-9.693598228006898900e-01
5.754148141445646300e-01
-5.522560812718863000e-01
6.032503728645314300e-01
-2.208667321578477400e-01
-7.408078058712754800e-01
6.343671503050110100e-01
-8.726895842160492500e-01
-4.113135492991829000e-01
2.631236472910176700e-01
-8.077808885281173600e-01
-2.608097985296860500e-01
-5.286476001266151600e-01
4.198949497296513000e-01
-9.009442563164381500e-01
-1.094882560001483600e-01
-3.876313673002376200e-01
-9.096290085191778300e-01
-1.493887209442733800e-01
-6.491222101832523400e-01
2.086953747401026300e-01
7.314961358810433400e-01
7.626134886630270300e-01
4.205597373302357200e-01
-4.914775419547982600e-01
6.491045243045234800e-02
-6.338332939961587000e-02
9.958760900430806400e-01
9.884739073783294100e-01
-1.462684486137155200e-01
3.904965265344418500e-02
-5.060872805903290400e-01
5.514858175783408100e-01
-6.631282360408389300e-01
-9.379685815648333100e-01
3.465450635171749600e-01
-1.102084158002066000e-02
-2.315972894764090900e-03
6.937526202153809800e-01
7.202096487925193600e-01
-3.761410196662521900e-01
9.256197206508810500e-01
4.178595537518316900e-02
6.994873722435337400e-01
2.985163074009594700e-01
6.493115048168575100e-01
-1.150164431886689900e-01
-5.557582367146727300e-01
-8.233492576786752800e-01
4.315127577203327600e-01
8.994160380954542300e-01
6.962420801179666800e-02
