3.125425298312200500e-01
-8.128903210548071900e-01
4.914534494559106300e-01
5.116090139307933900e-01
-8.579838956207254100e-01
-4.604184748949082700e-02
-5.390062111262842300e-02
-3.971909308511871700e-01
9.161517819080201600e-01
1.828614222313329200e-01
9.516327118376727300e-01
2.468944754748700600e-01
-7.339928315312358500e-01
6.710910845644060300e-01
1.043612930110017500e-01
-3.103350975797823400e-01
-9.148285552189823200e-01
2.584198942924027000e-01
-3.975499379057367800e-01
-3.993682818572117400e-01
8.261107808990049200e-01
-6.668751929594997100e-01
-4.429598843979191100e-01
5.992195072170232200e-01
-1.414456776850453200e-01
-9.326597306862178800e-01
-3.318718834437922600e-01
-8.280906079575256500e-01
-4.824005012843422500e-01
2.855795885093175300e-01
-6.829517077357540900e-01
-7.148411745884166700e-01
-1.502633022859208600e-01
-2.649388039030323200e-01
1.746906867676426800e-01
-9.483093346282530600e-01
1.988309723919891900e-01
9.740950887209576200e-01
-1.077265173825171500e-01
-9.248604966675761900e-01
3.771790320162700700e-01
4.867277998095005700e-02
-4.631458753303127100e-01
1.638126197885935400e-01
8.710116668349030500e-01
3.452300555999734400e-01
3.684185809328662200e-01
-8.631824592366623700e-01
3.938469634864375000e-01
5.603565756691225600e-01
7.286186090520113700e-01
-7.225464845435047900e-01
6.447975629940985200e-01
-2.493244481207057600e-01
8.627618481348040500e-01
-1.228489223037670000e-01
4.904591070536057400e-01
-9.708856977348048200e-01
-1.877981370142747800e-01
1.487038051563207600e-01
2.171406977753130000e-01
-2.820753895837892500e-01
-9.344963306299302100e-01
1.870957453226446700e-01
6.569681435879666200e-01
-7.303341977428862200e-01
8.272629195676780600e-01
-5.511871372597931800e-01
1.087602943528364900e-01
-6.280776251841074800e-01
-1.325787788738132500e-01
7.667733459995986800e-01
-5.969617199350756300e-01
4.561715194527883300e-01
6.599577636275602000e-01
-4.507004181805366300e-01
8.835100961108609500e-01
1.275893534824390200e-01
1.950976644954431600e-01
-9.553980120829442800e-01
-2.217014655260123300e-01
-6.949475922781015400e-01
4.146480777939629000e-01
-5.874647355957984800e-01
7.468755666409345700e-01
6.633435598564874100e-01
-4.639191256787904300e-02
8.688274540664178700e-02
-5.883408899543933800e-01
-8.039318290491284100e-01
5.432574431886356700e-01
-2.821410451043374600e-01
-7.907387565356706100e-01
-9.204741205256842300e-01
-1.861150143246015400e-01
-3.436402113918297600e-01
-6.503047145486955100e-02
4.609657537466432300e-01
-8.850319834080271300e-01
5.035237635644068000e-02
5.752988242705156000e-01
8.163920020359226600e-01
-9.439731238695361300e-01
1.305639606228563300e-01
3.030970036118187400e-01
5.934966282287719200e-01
-7.534342083471908800e-01
2.830170418425731500e-01
2.164789255687469500e-01
8.681174110485907500e-01
-4.466643431245584900e-01
8.700795635537222900e-01
1.975849056980460700e-01
-4.515769681089354900e-01
7.634360462200756600e-01
5.269079082673647800e-01
-3.735417774990752400e-01
-8.915223067224098400e-01
3.373048031278205700e-01
-3.023465667131937100e-01
-8.585678472219906400e-01
-1.671896533146120500e-01
4.846739847992013200e-01
7.015155849565004600e-01
2.559440870740318000e-02
-7.121943627311702100e-01
-2.340288542705180900e-01
-4.486929088885835400e-01
-8.624993732646592000e-01
-8.311570272815558300e-01
8.927150931220848000e-02
-5.488247385328101100e-01
-9.928495339877750900e-01
6.292038359367323200e-02
-1.014437193160970800e-01
4.204111615148648000e-01
-5.971676415404340000e-01
-6.831143851294292400e-01
6.424921317683282000e-01
3.728771814464661400e-01
-6.694523643787722000e-01
5.000691052204573300e-01
8.578472643100923900e-01
1.184439155030844600e-01
4.996132682255504100e-01
8.336018118755389400e-01
-2.355729217265919200e-01
9.778010280330883300e-01
1.274710338492324500e-01
1.663017892472706000e-01
-4.650109982958247600e-01
-7.216925234606095300e-01
5.127618092691557100e-01
2.483376167021539800e-01
-9.532896879869851000e-01
1.719511526811344500e-01
-8.083315684987800700e-01
4.538920739599454600e-01
3.749427430483773200e-01
-9.087295128132373600e-02
2.102708759838288800e-01
9.734106355687796000e-01
9.288984424231698800e-01
3.529057624284877600e-01
-1.122729108404019700e-01
8.611965413665564300e-01
4.583274303447018000e-01
2.197191018821614800e-01
-3.964489479384834500e-01
-9.140369233669420900e-01
-8.581803074159093100e-02
1.249784308676290700e-01
-8.286499400921362200e-01
-5.456369384519017500e-01
-7.621153121429246100e-01
-4.949998689790108800e-01
-4.173192790994140800e-01
8.081902341449237500e-02
8.222314256905576300e-01
5.633859849705179500e-01
-2.514024996145656800e-01
-1.059844839557448800e-01
9.620624056412259200e-01
-4.822050474598762500e-01
6.937538017678626100e-01
-5.349616385656599200e-01
4.932993929768267900e-01
6.725267564434107600e-01
-5.516914633709675300e-01
-5.673350821436018400e-01
7.112397842767042000e-01
4.150528566714607500e-01
9.597698807239765100e-01
-2.269157624028931800e-01
1.653814162117311100e-01
-8.950423445161460600e-01
-4.361479397667709600e-01
-9.313525734243631400e-02
4.341282838178259800e-01
-1.612605613077077200e-03
9.008496171351386700e-01
9.226709766461991300e-01
-3.479754639873671700e-01
-1.661064276827528600e-01
7.333020498054693100e-01
-6.430296476994978900e-01
-2.208641571884328900e-01
6.342397616878721100e-01
-2.425780464968399500e-01
7.340952363637079900e-01
1.017654011362738600e-01
-8.721496294721012300e-02
9.909779782465855100e-01
6.011689569094969000e-01
2.732422882482318800e-01
7.509557491365369500e-01
-1.265211773303177900e-01
9.196644230231975100e-01
-3.717657067460090100e-01
-6.646609718570380100e-02
-9.976857382122822400e-01
1.433267918828075000e-02
-7.744228633697707300e-01
1.523353434546734500e-01
6.140546977466356800e-01
7.107835009741118000e-01
-4.655453235006175000e-01
-5.273086065196456200e-01
8.733000775726980100e-01
-1.571176754774816200e-01
-4.611518302729291600e-01
-4.068897312386919300e-01
4.587395671421688500e-01
-7.899359190154101600e-01
-4.529054989099788900e-01
-1.696837799822331600e-01
-8.752622600501202000e-01
4.622861707296469500e-01
-7.954594151246511300e-01
-3.918364649208486700e-01
7.662728874276537600e-01
-4.617039857548674900e-01
4.468280335110538800e-01
-4.556432495747672600e-01
-7.888101344662543600e-01
-4.125140008293976000e-01
-1.462647950725194100e-01
9.889802955416368000e-01
-2.290381524486446000e-02
3.266022390402426000e-01
-3.392594713402368700e-01
8.821757129732393800e-01
4.998196190835623200e-01
-5.622395676201881200e-01
6.588376256570557300e-01
-6.223970522855267800e-01
-7.575673675231638900e-01
1.967577011715447900e-01
8.764476281467810400e-02
1.562574502941904100e-01
-9.838201079357534700e-01
-4.459012323350381400e-01
8.658753722952202700e-01
-2.267860900820598800e-01
-1.854077689001542600e-01
-6.647427528901053200e-01
7.236995451923066100e-01
2.483989268220127300e-01
3.000730780537135300e-01
9.210071231977755600e-01
-2.881351271964792700e-01
4.702900126782714200e-01
8.341495384225422500e-01
6.700581316570931600e-01
5.425998349147142000e-01
5.065644276404833700e-01
-5.849806667191722600e-01
1.502363259193156600e-01
-7.970110826952521200e-01
8.395999012611491400e-01
2.312391330049914700e-01
4.915287063533203500e-01
4.170847243016694300e-01
7.862331666648958400e-01
4.559361143738129300e-01
4.085813523026408700e-01
2.276488174491768700e-02
-9.124379643075387600e-01
-1.995966131300621100e-01
-7.319130209435369400e-01
-6.515094180442169100e-01
-1.551830958433716200e-01
7.272881372617021600e-01
-6.685582788081160200e-01
9.858674173816850400e-01
7.024701149471306400e-03
-1.673800732432842700e-01
-5.119932119213438400e-01
-5.449177697179814500e-01
-6.640237760743564800e-01
-3.645849955172729400e-02
-8.761253873411714000e-01
4.807026975862723800e-01
-1.618816858647619500e-01
9.306006905770131100e-01
3.282935797105524000e-01
-1.064940366119831900e-01
-1.407709471325169500e-01
-9.842980039650083300e-01
1.660835725614423800e-01
-6.304515216719773800e-01
7.582526793534701800e-01
-2.723829352890542700e-01
7.445209228000319000e-01
6.095048253101100800e-01
-7.216936944457284000e-01
-2.320646270540717100e-01
-6.521535250748324900e-01
