0.378366818415
-0.099254065578
0.920319064884
-0.678051231646
0.622548430971
0.390742854522
0.944592459687
0.320765374119
-0.069675389264
-0.083385748009
0.568176319868
0.818671171210
0.738160728719
0.034308028582
-0.673751955658
-0.441474791221
0.570688564584
-0.692397697115
0.877768393074
-0.128193640531
0.461615682845
-0.572049614268
-0.816588244964
-0.077090057741
0.250127945508
0.901726696244
0.352597470434
0.642875034400
-0.269678169214
0.716927733592
0.647177669445
0.102990859998
0.755350214754
-0.779732830854
0.299051300974
0.550077296273
-0.740498389682
0.437703461927
-0.509978248846
-0.138732067977
-0.890346319324
0.433632153998
-0.500978506622
0.335606309038
0.797739895728
-0.396398605681
0.859823205939
0.321826350605
0.526780327860
-0.798938766730
0.290171213588
0.129353109104
-0.601083312630
-0.788648606442
-0.765914838224
-0.595712376000
0.241870266193
0.928331735906
-0.063870955822
-0.366224916017
-0.272011888951
0.831792919262
-0.483869891330
0.748109063646
-0.663273942548
0.020012646710
0.081592846445
-0.976595043806
-0.199009366168
-0.827860947408
-0.546962306236
-0.124412568957
-0.747082265238
-0.079183068902
-0.659998583761
0.526254466619
-0.240135386265
-0.815715166358
0.005234181927
-0.092082448168
0.995737629137
-0.937356238162
0.026199686453
0.347385749865
-0.477584155153
-0.831012217335
0.285187779168
-0.900066869513
0.384185950053
0.205622922330
0.247701131059
0.968703893898
-0.016028587554
0.544875505744
0.698756023236
0.463519905971
-0.597493696777
0.731981406800
-0.327420986514
-0.580030183723
0.233862215305
-0.780303434711
-0.890234774042
0.423858967035
-0.166810141031
0.232685788071
0.704379430749
0.670601924817
0.541365636931
0.338351138950
-0.769702380094
0.814802843264
0.543256118424
0.202408291341
-0.080514658905
0.977187183890
-0.196526327350
-0.527785196430
-0.363194423768
-0.767810261050
-0.547335003889
-0.369519432086
0.750919291821
0.757641615624
0.633583348184
-0.156688618537
-0.390218722761
-0.682572750004
0.617918918111
0.629629871566
0.589484008327
-0.506038366883
0.197135400076
0.226959001006
0.953743805170
-0.080303752903
0.650214745683
-0.755494600752
-0.398847914234
0.658738558555
0.637952860942
0.101233366220
0.858888176038
-0.502058668509
-0.771024078274
-0.410550728685
-0.486795614090
0.459620879954
-0.885498756868
-0.068121936963
0.851659238958
0.296949194754
-0.431853813730
0.669228487074
-0.657472290812
-0.346212967554
0.999070177004
-0.043099061439
0.001119073207
0.480415033031
-0.577749148051
-0.659854012615
-0.177482743391
0.232619242243
0.956236458172
-0.033780155226
-0.679049876331
0.733314507266
0.223761205281
-0.831741945001
0.508071117007
-0.718083360603
0.695492352093
0.025429813300
0.435677886751
-0.580490229759
0.687906877528
-0.951136358458
-0.208562306260
-0.227687048439
0.759849883214
-0.353482290243
-0.545599143570
-0.030698599279
0.042729974275
-0.998614913418
-0.243853783232
0.337585281463
-0.909159782515
-0.187947065035
-0.979499990590
0.072495994228
0.460647691575
0.427133297749
0.778049388022
0.172953938745
-0.411556027080
0.894823206923
0.746265602303
0.391757305948
0.538157843068
-0.072105859161
0.981246695130
0.178761484588
-0.289736919375
-0.655544198204
-0.697362403455
0.566694165179
0.816741986506
0.108582920530
-0.706241446926
-0.033046078772
0.707199388661
-0.552395209237
-0.710530318515
-0.435897005361
-0.277863725328
-0.916975599394
-0.286264738071
0.428418654295
0.845007514243
-0.320030869645
0.128083617214
0.382355215625
-0.915095118600
-0.911145705028
0.125524661596
-0.392501036355
0.177383342053
-0.970523062719
0.163156779485
-0.083699166293
0.845295489211
0.527702553984
-0.202568190316
-0.388434440592
0.898935377897
0.349032395573
-0.836357058919
-0.422709423644
0.914742098341
-0.364874583867
0.173532220555
0.316297602998
0.631455758440
-0.707968538475
-0.396745063244
-0.068431157262
0.915374530729
-0.384652944925
-0.052941660666
-0.921541801834
-0.813777190820
-0.316700838672
0.487306128101
0.938802031717
0.195707886571
0.283459288747
0.337871150485
0.072800127532
-0.938372648313
-0.007526044702
-0.843175433550
-0.537585850733
-0.181958236762
-0.367899874891
-0.911888634719
0.176569076559
-0.265235799537
-0.947878331774
-0.948372916100
-0.285033809527
0.139084648449
-0.995122232275
0.097359858634
-0.015899709364
0.895645963966
-0.397659783552
-0.199210952952
0.721780349860
-0.523441499574
0.452815771678
-0.417824854281
0.907193458052
-0.049218094373
