0.00000000000000000000
0.00000000000000000000
1.00000000000000000000
0.31835502075335822159
0.00000000000000000000
0.94797156115630855777
-0.53731732553587154786
0.63539617612255136761
0.55458253763332462570
-0.89562936129445439955
-0.34237532933566380130
-0.28394925787820509386
-0.93065755788732659382
-0.09218205914985065417
0.35408894068876365482
0.93254021460340157795
-0.36042549379311531000
-0.02149910629376783007
-0.56013123124272624119
-0.19508748458318009739
0.80510488580402678501
0.60254884593748548505
0.47171430556280333847
-0.64375500167906003233
-0.06197188734483301614
-0.99598079476955550803
0.06466638716616134760
-0.85043701830905787957
-0.42835951699621553696
0.30539319260318833349
0.60154944634074167541
-0.46394588967507496479
0.65030183381315350626
-0.07112860426437695948
0.98738085170860217249
0.14149125532907333043
-0.20602751725771348759
0.26292674398501322605
0.94256150432216458221
-0.07571568730218954209
-0.69107755768967471128
-0.71880382856105557521
0.56462703776338703321
0.52105293100769436981
0.64007823843248538005
0.59654427393067558395
-0.79538502716209606342
-0.10722680544935952859
0.37066274350994401021
-0.65150666218369844006
-0.66192763932618624299
-0.33749144057423842756
0.86164412029985002432
-0.37903685505742429223
0.46444390202240052883
0.26178515304192152727
-0.84602623808072556852
0.86890798691189575095
0.48733563737723937536
0.08661920585434070258
0.82342511226729257834
0.36552778981122323178
-0.43400520660853692477
0.65595468742842784960
-0.64632711881940231952
0.38985215597619017766
0.42489878181223467341
-0.29071816728193568454
0.85728873340707764908
-0.64679841041424852900
-0.55914288147944884000
0.51866275591800530537
-0.98998760048554601770
0.09870156147009422349
0.10090863515198358725
0.49521978186352149978
-0.84666939019958769817
0.19470056843806207252
0.66905906995660502595
0.64863268599905906981
0.36281620631174779718
0.73149406052557955019
-0.44439399836458986281
-0.51713674558411788035
-0.24500292978562353671
0.69262460576879613890
0.67841338421354907225
0.77368588003242483245
-0.14081654364396001579
-0.61772231631585161149
-0.69124027705914260692
0.21155236784618257173
-0.69096488697318999537
0.85220420078267136584
-0.39451387412981396173
0.34366670378064508551
-0.44343813954936282851
-0.79040315316106599881
0.42264106741541842558
-0.80396746960509258376
-0.20174171742726092089
-0.55940735360404741440
-0.43785717093134020802
-0.48923416819530257000
0.75427516632476607000
0.15492603282481583350
0.27811480289987304245
0.94797156115630855777
-0.59245145572220066646
-0.80325010576097001751
-0.06156736316942430725
-0.80690783413987026723
0.56505653966958196696
-0.17207804677047492608
0.38290432373668818758
-0.77294573057226141956
0.50590431551219499880
0.52559335920453533978
-0.38551486535902672833
-0.75837319925436696559
0.11538687366151178316
-0.29670825506799345253
0.94797156115630855777
-0.36422342363475104302
0.93111630689894054623
0.01907146304452380167
-0.31578679668265687383
-0.04035614302404868810
0.94797156115630855777
-0.42321028655870654268
0.44541695010940508297
0.78898466012092607446
-0.16629999019012406959
0.88611569767506894384
0.43260060517362947093
0.99375106399728991413
-0.03515275022508763458
-0.10593916629777113119
-0.59238697248474405583
0.65549473172067000589
-0.46840616084420361102
0.94803780876853839311
0.28130265111964214838
-0.14863758481087184375
-0.20272628678555405486
-0.34097724591240236762
0.91795237916579004544
0.84060240491760485866
0.37672399561307815184
0.38918713747509250943
-0.94157779456546867698
0.27301390990100860915
-0.19721729584849300971
0.57249343499780539907
-0.70633888784514166993
-0.41633717393730522072
0.08743568342029071058
0.37043618588734761675
-0.92473349320226373129
-0.03470813998460669059
0.52109061920958586516
0.85279535152965000716
0.91284962620981300330
0.05701939383479329038
-0.40429487834415787673
-0.00962581998585159487
-0.15951303228859888208
-0.98714889257887352932
-0.77092007856531571821
0.52406748485349178337
0.36198826470506278104
-0.89601555214163893641
0.22736652789881017335
0.38139296311226494821
0.91014589559318154175
-0.25586066771972381530
-0.32583702590237126677
0.96877517586840703341
0.18948839173306530807
0.15990249535124024994
-0.60922797255345833534
-0.08480555800104196508
-0.78844739506864662123
0.72066184788894641678
0.17281334837475407490
-0.67140304409556778547
-0.32528674453252099398
-0.11402366135203250789
-0.93871568564891437603
-0.47504876147766893104
-0.79374732227794762260
-0.37986031984812623328
0.26467277805926209208
0.78014419457235796618
-0.56685391083544573723
-0.45996784737835519273
0.83181401187465136513
0.31066868047345793202
-0.96792453147048205219
-0.24117143000087454878
0.07041621069740310153
-0.77917039410767489575
0.05078577640216207285
0.62475139204432364357
0.78020994433921725592
-0.20174611078985389075
0.59209032210918927578
-0.79467577799412853659
0.40473504283855963260
-0.45241568603210016746
0.14807728182577014245
0.91805374094797228285
0.36776411915591336436
-0.88311191223060277489
0.09459739124193674376
-0.45952658687678571631
0.46971267307413916377
0.86742303450673263171
-0.16415627907783056079
0.25546580688117744984
-0.96669630953788422576
0.01534492229970799217
-0.68370612774023234519
-0.69333938910410432246
0.22765417283064353082
0.76697204700558303880
0.60204161025855026602
-0.22203553460957006174
-0.04339957689483611592
0.85816795428301093045
-0.51153126880676734324
-0.15791901226550161290
-0.42882092735113607366
-0.88947973435643829108
0.43935116650995839979
0.86584202629257955986
0.23934940566439427610
0.22652108444975932058
0.08299769320705405951
-0.97046359087912862232
-0.28628799465856191938
0.70047649912668678212
-0.65373684176861257395
0.29967042478951358132
-0.22806947960989713414
-0.92638110352972075259
-0.13050408147232376656
0.13950928820667022284
-0.98158333483364177645
-0.27959424796947324034
-0.94454595604144442829
-0.17222076944474042890
-0.11322046281262898991
0.97746336967615055328
-0.17817544090541529798
0.31721274256985970901
-0.57638406970887549822
0.75309858593489741349
-0.98127822920969672970
-0.04694228447167632098
-0.18678720193755808816
0.79205123075365441653
-0.56741650105889308291
-0.22515186472180164721
-0.54579341121792437023
0.14916309909835989484
0.82453618606976526906
0.07561705953056106736
-0.79531582990831181039
0.60146054817020610706
-0.90720418090290650635
0.41036675410114110974
0.09262667693909823062
-0.46376963283755389098
-0.37231043269815646789
-0.80392951765800461799
-0.73039056165381266114
-0.61939054187583125015
-0.28789752357703985708
-0.68901671531474751894
0.71546899994328504978
0.11558579556775888381
-0.65734192269551723392
-0.48871806156557295239
-0.57363425016865013746
0.31776468114801577528
0.54206636042851291802
-0.77793937315621542733
0.55108132486632309253
0.71213698026403281225
-0.43493711582710736785
0.97079000226552238874
-0.13040351145791892681
0.20139934384389498924
-0.77353958886854081089
-0.26778777414143594985
0.57439203726502349629
0.71744704257167185841
0.23735871058345446166
0.65492792245812941135
-0.21621587531312880246
0.45915940021520069736
-0.86163991345375516597
-0.17322086068012314693
-0.86724272015101376942
-0.46678110262767470178
-0.38892575770626162874
-0.64826774356701636819
-0.65458818171667244170
0.89232543087510487893
0.06359161494942742745
0.44689085012078976619
-0.42971878581217731524
0.20383654553412808919
-0.87965472079948584919
0.22775975153634790018
0.97349191659987250929
0.02095194250679246963
-0.50598003318158555790
0.47395207140268267246
-0.72066194573785284858
0.45852222652147133336
0.29094964687659370846
0.83970570485627758149
-0.58043036999334585148
0.79469484839128645320
-0.17765326771477601708
0.15300072954331888554
-0.50490082440755314815
-0.84950923142234621084
0.03432790700388316590
-0.96965022838852141945
-0.24207442943611578205
0.18402346915282804291
0.93704406859212932295
-0.29678911084685533365
0.14163091719421312090
-0.83624766736273624598
-0.52974571458871508095
0.60240941730443548127
-0.02804850033039646895
0.79769428703742529593
-0.14950201319549404650
-0.91466451085840004404
0.37555023715430950575
-0.23278067772288778031
-0.71800249179044257612
0.65596156736625088481
0.16850012711935493218
-0.93095944425054626952
0.32391699603675516446
-0.84690576166442875206
-0.53174299106284510695
-0.00014938250510517234
-0.68961653714352821769
0.36066739253770815814
0.62797138761110724964
0.27644285353216544305
0.56309384612499055069
0.77878409664499389302
0.55136607259113991027
-0.04932524591373904281
-0.83280398300618796023
0.00193902250962144459
-0.57074540525786408961
0.82112479110592177259
0.67078928048517908910
0.73972510381366217418
0.05337145280056048088
0.34483274104906936864
-0.89404168861096252340
-0.28597174637758219173
0.77902861616939260550
-0.62007784801612939103
0.09283252441298313504
-0.36694732933090229044
-0.92004790070421853975
0.13733724151401453661
0.06691803626013315757
0.76538072890277332306
0.64008930333770374034
0.01660728790212634789
0.65538092978897920212
-0.75511590822698802505
0.37208495177672258410
0.75793300128914233378
0.53580813190744594607
