9.969483541951754700e-01
1.119428130988530400e-02
-7.725714940046662900e-02
7.689258258118055700e-01
1.850793117352333700e-01
-6.119630076787692100e-01
8.976155952058394400e-01
-1.237894106272437900e-01
-4.230395076819967200e-01
1.301319494734452500e-01
-8.553904512270732500e-01
-5.013709721112550300e-01
6.758338258327572000e-01
5.408932917565132400e-01
-5.006826208218755300e-01
9.235122076574026100e-01
-3.631289885954280300e-01
-1.235416526901440500e-01
-4.888379796234355600e-01
-8.689264707233630400e-01
-7.748689020678521700e-02
-5.667050959484826200e-01
2.343547730714117500e-01
-7.898880772392177200e-01
9.330860038988517700e-01
3.447183650322119800e-01
1.025658721875388900e-01
-1.679306966990787300e-01
-9.805059167462694100e-01
1.020168041634317600e-01
1.674845439214734900e-01
-9.804667728858887900e-01
-1.031204868789280500e-01
-4.855426650102560600e-01
3.734798087479868600e-01
7.904183404453021300e-01
9.036720370859976400e-01
3.239991423081591300e-01
-2.800025092252218000e-01
-3.492115187649619800e-01
-3.453022165655143500e-01
8.711014260100894400e-01
-4.601398343080345700e-01
-8.341378994017578700e-01
3.041139550638831700e-01
7.653894796734266300e-01
6.353817711052695000e-01
-1.023178838345106400e-01
-1.305212943886695000e-01
-8.558949736885239600e-01
5.004078194091568000e-01
1.476965968561149100e-01
9.812667864558993800e-01
1.236980560705577800e-01
3.490545821629067500e-01
-3.444803110380497100e-01
-8.714896522496449200e-01
5.560065671038814100e-01
-7.159004912508996100e-01
4.223069783511488300e-01
-7.688416859326205900e-01
1.847402063161490700e-01
6.121711510211441700e-01
5.085420040162103000e-01
8.575443724464049100e-01
7.747696068302217800e-02
-6.127586156623884300e-01
-4.237114715563938800e-01
-6.670798061724164700e-01
-1.237764016047604200e-01
4.744764031626517200e-01
8.715225443140355300e-01
5.448730458522005300e-01
5.730443500010746800e-01
6.121548307704446400e-01
5.332303604362067500e-01
-8.208049753570716500e-03
-8.459302634545687900e-01
7.278234842327362400e-01
-5.696213677954074000e-01
-3.818435191936733800e-01
1.917833494633365600e-01
1.117689958573606500e-01
-9.750522234391658700e-01
4.734552314460398500e-01
-1.306453458146912300e-01
8.710751617589246300e-01
2.242968661856132900e-01
-7.588178570125577700e-01
6.114624891996096600e-01
5.668114738958143200e-01
2.332075956251976300e-01
7.901512326148514300e-01
-1.917327208582150500e-01
1.107586156254426500e-01
9.751774673448117000e-01
4.924557003531818700e-01
8.154705268945579000e-01
-3.041302401208557100e-01
6.125655791271391600e-01
-4.247408809237499000e-01
6.666022767293474600e-01
2.595334297957753700e-01
4.656699950370233900e-01
8.460460120706556600e-01
-9.329290231620091000e-01
3.452581479443091500e-01
-1.021775367683376400e-01
-2.743627543334173400e-01
-4.571037840994128200e-01
-8.460385390728830700e-01
-5.332342568025487700e-01
-8.917626403272449800e-03
8.459206247110689900e-01
-7.323660682748435200e-01
6.208830113566792300e-01
-2.795428916075475800e-01
-6.106956703436087300e-02
7.429799852024713300e-01
-6.665217547618167400e-01
4.381352267489135300e-01
-6.359733755689991300e-01
-6.352758366639258400e-01
-8.976719387568651300e-01
-1.238570691077376100e-01
4.229001262715965100e-01
-5.563321589844417700e-01
-7.151715939044978000e-01
-4.231124202287260300e-01
-8.062344293246973500e-01
3.153429190848083800e-01
-5.005445917743509600e-01
-5.446120791805542100e-01
5.739809330182477100e-01
-6.115092572824516500e-01
-2.593212915263755100e-01
4.667400976511300000e-01
-8.455212291868882100e-01
4.857127624174810700e-01
3.741483287176221600e-01
-7.899975573016602100e-01
-8.084500458470607300e-02
-6.080215983078737200e-01
7.897935307565120400e-01
-2.246419727364446200e-01
-7.580269440581464100e-01
-6.123162060299779400e-01
-1.290620929588429400e-01
9.151348160479183500e-01
3.819309422107950400e-01
1.925229801086540100e-01
1.099938082425858400e-01
9.751083346369141500e-01
-6.736153104808253500e-01
-3.185867083884668100e-01
6.668919872993103200e-01
3.418921576109759700e-01
8.390436071282948400e-01
4.232204837921379500e-01
-5.081517214384760900e-01
8.578623550080869400e-01
-7.651148841247654200e-02
-7.763282324334407300e-01
-6.181355340012106800e-01
-1.233812673456058900e-01
6.734704444053282200e-01
-3.181423045498967800e-01
-6.672503537415102000e-01
7.326484424705885800e-01
6.202346369189004600e-01
2.802414225475963700e-01
-1.472500421470174800e-01
9.814725103113636200e-01
-1.225933790659672100e-01
-6.755877603628021000e-01
5.406368267677728000e-01
5.012913320519780700e-01
1.710263413672783700e-01
-9.448024014701886800e-01
2.794609323942929300e-01
-7.280827025961581500e-01
-5.697195863280746200e-01
3.812022706312777100e-01
3.318408015084257600e-01
6.980572167244044600e-01
-6.345059531897422300e-01
-3.315232912797839700e-01
6.974934701623266600e-01
6.352914027593441500e-01
1.662976193098949400e-04
-2.213014402418648200e-01
-9.752054372756430200e-01
8.573493665417669700e-01
-3.460592471807528200e-01
3.810446970253250600e-01
-2.672465809220310300e-04
-2.223989393234789000e-01
9.749557120028871100e-01
-9.969431770141614600e-01
1.156095207115170700e-02
7.726995659451999000e-02
1.239925139128892200e-01
4.754007586686674300e-01
-8.709879305425634000e-01
8.063777087699661700e-01
3.144123873065041200e-01
5.008990332463466600e-01
7.702885377276005300e-01
-6.207681820696724800e-02
6.346668711117465800e-01
4.597603051608616900e-01
-8.340043377025724300e-01
-3.050528257395509500e-01
-8.575066482101945100e-01
-3.452399486279179000e-01
-3.814337768823186600e-01
-4.735144071521137400e-01
-1.294492884130663000e-01
-8.712215492908409500e-01
8.056852923014899700e-02
-6.071689078543445200e-01
-7.904774692757873300e-01
-4.384247323521990900e-01
-6.364886381127768900e-01
6.345596643462656500e-01
1.294785929906923600e-01
9.155053338842328300e-01
-3.809006137914063800e-01
-7.703165423843687500e-01
-6.101185527045018700e-02
-6.347361483683190400e-01
-1.714561673695183000e-01
-9.444093080491459100e-01
-2.805242262997785200e-01
4.884425198646872300e-01
-8.692354901121648300e-01
7.650861074218592800e-02
9.523878244001351400e-01
1.827205520602258000e-02
3.043411965753660100e-01
-3.415102221793901400e-01
8.396749577620846700e-01
-4.222756605041604300e-01
-9.035245852795030800e-01
3.240949189355973900e-01
2.803672721906584300e-01
-9.523793334906229800e-01
1.904798962894391900e-02
-3.043201919542188300e-01
-7.651003076326642300e-01
6.356144055503687400e-01
1.030332311308053800e-01
-9.236773789799568300e-01
-3.628475577749544200e-01
1.231330555840642300e-01
6.140746964510687000e-02
7.422013802160349900e-01
6.673576506470860800e-01
-1.924726597521637100e-01
1.111789598399506000e-01
-9.749838532698039700e-01
-4.920846621155216000e-01
8.153516653748060800e-01
3.050481061753759200e-01
7.760468490468972500e-01
-6.186272163956689800e-01
1.226851874470945800e-01
2.741545124303591000e-01
-4.581806324319005500e-01
8.455233949326155200e-01
