-0.000000000001
0.000000000039
1.000000000000
0.480482514398
-0.000000000011
0.877004306351
-0.480480679008
0.001328060068
0.877004306350
-0.224496975865
0.426137801585
0.876360474855
0.224498810581
-0.424810229009
0.877004306362
0.270365509382
0.448565235227
0.851875414062
-0.270363725871
-0.447274714205
0.852554271449
0.698635479523
0.361833107700
0.617240041575
-0.698634187193
-0.360897996912
0.617788724654
-0.058718050534
0.800507662839
0.596439160583
0.058719300025
-0.799603549331
0.597650573247
-0.792781936022
0.227845699184
0.565316848573
0.792783119472
-0.226989372370
0.565659571042
-0.528048774217
0.646982096765
0.550071503092
0.528049926426
-0.646148375190
0.551049500899
0.425022110462
0.757294838604
0.495843456186
-0.425021071565
-0.756543107289
0.496990558803
0.956162604489
0.129891496830
0.262452420122
-0.956162055023
-0.129493911191
0.262650816673
-0.319433515708
0.927519415576
0.194087513179
0.319433923362
-0.927224443308
0.195491177134
0.779661431888
0.597228879316
0.188270330474
-0.779661036930
-0.596943093046
0.189176137921
-0.828817891178
0.532172542193
0.172781042362
0.828818253614
-0.531910288698
0.173584985678
0.170093319664
0.976641104099
0.131302766114
-0.170093043325
-0.976441150513
0.132781912163
-0.976541545528
0.169993156719
-0.132170104511
0.976541269191
-0.170193110305
-0.131914573766
0.532041386076
0.828686707653
-0.173811116048
-0.532041748513
-0.828948961147
-0.172554911993
-0.597086355428
0.779518118263
-0.189312935272
0.597085960470
-0.779803904532
-0.188133533123
0.927371991187
0.319286141103
-0.195032176992
-0.927372398840
-0.319581113371
-0.194546513322
-0.129693016677
0.955963262962
-0.263275447568
0.129692467210
-0.956360848601
-0.261827789227
-0.756919709698
0.424645604127
-0.496738023476
0.756918670800
-0.425397335441
-0.496095991513
0.646564844786
0.527632337660
-0.550960994755
-0.646565996998
-0.528466059236
-0.550160009236
0.227417008611
0.792354136913
-0.566088708517
-0.227418192063
-0.793210463729
-0.564887711098
0.800055210623
0.058266601060
-0.597090163339
-0.800056460114
-0.059170714569
-0.596999570491
-0.361366302607
0.698167077992
-0.618042981149
0.361365010278
-0.699102188780
-0.616985785080
-0.447920995079
0.269719279972
-0.852419082482
0.447919211568
-0.271009800995
-0.852010603029
0.425473219721
0.223834042247
-0.876852815946
-0.425475054436
-0.225161614824
-0.876511965270
0.000663112154
0.479817428946
-0.877368106989
-0.000664947544
-0.481145489006
-0.876640505711
0.000756110438
-0.000758203055
-0.999999426712
