8.506508083520922800e-01
8.461919126260937200e-21
-5.257311121190491000e-01
5.257311121190491000e-01
-8.506508083520922800e-01
0.000000000000000000e+00
1.266847532837018700e-20
-5.257311121190491000e-01
8.506508083520922800e-01
8.506508083520922800e-01
2.117154529536468700e-20
5.257311121190491000e-01
-5.257311121190491000e-01
-8.506508083520922800e-01
3.303943689239743800e-23
-4.393463640892673700e-21
5.257311121190491000e-01
-8.506508083520922800e-01
-8.506508083520922800e-01
-8.452634485559703400e-21
-5.257311121190491000e-01
-5.257311121190491000e-01
8.506508083520922800e-01
6.548656517555661000e-21
1.691455361231732600e-20
5.257311121190491000e-01
8.506508083520922800e-01
-8.506508083520922800e-01
1.437620000877874100e-20
5.257311121190491000e-01
5.257311121190491000e-01
8.506508083520922800e-01
-1.769525700386171300e-21
-1.447394738531641700e-20
-5.257311121190491000e-01
-8.506508083520922800e-01
