0.0000000000000000000000
0.0000000000000000000000
1.0000000000000000000000
0.3267236880061735657561
0.0000000000000000000000
0.9451199033432977892426
0.8071344885241468208468
-0.3593109916992600217219
-0.4684330567743465729407
0.9056222246582757987020
-0.4073077613353354469968
0.1181049269124402642169
0.0347789834336664534849
0.9977083531958660843473
0.0580384723654378113869
-0.4041574979182675705781
0.2967640852139704805025
-0.8652096824490354786509
-0.8595955343406509647182
-0.4589303993448046616039
0.2246739991606257607859
0.2098054086767304474228
-0.5807667039333058710639
0.7865695939282384713908
-0.2918848360330023975320
0.9522630134791087944342
0.0894337500816887790955
-0.1868035620897006301985
-0.9722616652260926239880
0.1407539822611948495979
-0.8871635536472528163336
-0.2438817250367113490922
-0.3917429428504052768788
0.2176358425149441849212
-0.9446892907952211089503
0.2453503289372822156423
-0.5328911964839135131129
-0.3090155735829489199730
0.7877412950919509614007
-0.8808321697713590908916
0.1094843469622387455167
0.4605951220607223927158
0.6052160858173428122395
-0.7391929976028670089482
-0.2954779209396576704596
0.0790408794731335279156
0.6234950467080975336233
-0.7778216158622623762337
-0.1725791971329511078245
0.8347091675773075728837
-0.5229503095699860700702
0.1273295694254060794730
0.1315081893352881814791
-0.9831036450383523469327
0.0813982517975001105296
-0.9953048150568603000026
-0.0523703134317514302973
0.6141136074037467530366
-0.0488606701900410841301
0.7877036956306202526847
-0.5335622623114054180212
0.7353723112385397334073
-0.4177785012429711495233
0.8975653193354852938370
-0.0419640750152633512790
-0.4388798399725164631458
-0.5577868132885940227672
-0.7899185995036167737037
-0.2547596457047305532089
0.3229132051976702465487
-0.9093713003138016350717
-0.2622420638924139254486
0.6954527859322596548602
0.6939019147623241794379
-0.1866696419566899381410
0.9899557688839762826770
-0.0609399064551762184892
0.1275692104489547566017
0.4546119513169266824305
0.8023996943942963031959
-0.3866299317897622134867
0.5928456013367111998255
0.3452391108147473228551
-0.7275603406862938057269
0.3600655847262861098603
0.7607518782118864900571
0.5400086614979473682147
-0.4103769978099496016037
0.8315578926999963882398
0.3743022719097947358523
-0.7116661246161951235886
-0.0438720673324013721115
0.7011466100479609917156
-0.8137699837264558781185
0.4270612988808821935280
0.3942043386164306850379
0.2464717262857665901576
-0.8025874228369804559424
0.5432357838412415344270
-0.0876393224586796384264
0.3761770918631967063312
-0.9223937037492892801830
0.9816055027359685975539
0.1094429709007526717784
-0.1564380807824084438038
0.8896951094731931095228
-0.2274396306598165707202
0.3958709721421983152956
-0.7725312133218442714456
-0.5469287798072488350302
-0.3225901955454211553592
-0.3712222646451679264834
-0.8154153624178633433978
0.4441754348955573251063
-0.6792859860165498713583
0.2065023826465556881925
-0.7042210698089195263376
-0.5499127134094057766002
-0.3713854275532964591799
-0.7481102003259679758835
0.0046822596761580351711
-0.4949854243503630448458
-0.8688886615240275119901
-0.6796235413991357150026
-0.4861707567425473203772
0.5493176105537452566069
-0.4999375296017757761553
-0.0203888819817222695828
-0.8658214365486736841588
0.2976226875574848412914
0.3923582234311918047529
-0.8703308338539883811919
0.1167206844366879590293
-0.3051633171417995869211
0.9451199033432977892426
0.4977147198913584755453
-0.6023336503103528797538
0.6240787060197392330511
-0.2949230733959256126227
-0.1406013836455990161283
0.9451199033432977892426
0.0394765374581399134081
0.7832151437246081817721
0.6204962865567830498329
0.4664634352193352683214
-0.8838378225534434539393
0.0352500642178820921113
-0.9401634344968704718805
0.2859632215129735146277
-0.1852505124877412781406
0.6922650585239381683302
-0.3346094314080824720675
0.6393790872085262486708
0.4457894307554462431241
0.0966830474011248653999
-0.8899012146142778704123
-0.2509667354256271151481
0.6089818041115909852001
-0.7524339572153792056816
0.2860473573828708003662
0.9221759865929146505475
0.2603235661358008680705
0.5444561242098918830971
0.8357029832859525258013
0.0718891684282252286856
-0.6805938372837762441536
0.6907538473520395755044
0.2442358512170150541919
0.1585682682204739429276
0.8314528502947101772823
-0.5324868656130046741149
-0.2947858940728165089909
-0.5825321378071828516577
-0.7574678772578303415124
0.7117080374560798742947
0.0370954331175391452477
-0.7014952589021805974136
0.7255168615610040513467
0.2303740328836054649880
0.6485006465406294025469
0.8170148965133184469084
0.4213084751864217782117
0.3936823943376484971612
0.4316971304024601615348
-0.3197428502080310266869
0.8434465586764379820178
0.5793522142809333012716
-0.5722137680914807916943
-0.5804501834045093854015
-0.2863077066445949883430
-0.2677571510167921168333
-0.9199641325591358722251
0.9518338930399667014800
0.2793383307420711774196
0.1264212681419328329484
-0.7417951121863386626576
-0.1159016371387730204070
-0.6605352542029906129427
-0.9730033208643178353645
0.1759210738173417863208
0.1493864564609614628255
0.7406610256470891834108
-0.5471690380423007156255
0.3899067694914582668915
-0.4910733138367448320526
-0.8690523629057978466162
0.0599582435136933915790
0.8099069891253654104358
0.5776760091094191170662
0.1016911867631583699798
0.2741041572271457168696
0.5552327018254869775453
0.7852283475616287570860
-0.2820752225306387934965
-0.8265646748524578360587
-0.4870568828384845454385
-0.2734143515084823855359
-0.9453046092430054260686
-0.1778870094557915048562
0.6216959007512850010842
-0.2803403076236636880559
-0.7313709858276564150285
0.4584622044814664831474
0.2857804986274072414066
0.8415116836183942737753
-0.9877669392723331822995
-0.0400741570076722282792
-0.1507001513625360829828
0.8219466444317869220155
0.2749790237334705408403
-0.4987887831676982347665
0.9618379313885265228995
-0.2212360047896425249122
-0.1610044220726791552709
-0.4247242133131496900612
0.4406922512601342821693
0.7908221559268561576322
-0.2808716857100349003474
0.7046614374000752787559
0.6515852628840397322729
0.8313096881497957896296
-0.5249767988463314842716
-0.1825474268822973129252
-0.4798685997075956588277
0.1234112625251877272789
0.8686171695842826930935
0.3497968779492549268909
-0.2197237828681907934898
-0.9106940229402223315397
-0.6891955826352383415060
0.2848184173451207237115
0.6662491411004557483539
-0.4027861351442994048811
-0.5984480730481702148608
0.6925483616329260382927
-0.1887914846260880138751
0.2666573524901067066839
0.9451199033432977892426
0.0048438249753501593514
0.9628316996773685030928
-0.2700586148524016983938
0.9090350608100062589835
0.1032025736028729699310
0.4037381416461563520128
-0.0844024767332643971897
-0.7073353318758100944009
0.7018211668234496575541
0.5681882802696830255311
0.5216840726929480792033
0.6364022363746681518389
-0.5454563778594139112241
-0.6348171122912749575776
-0.5472518376347904733662
0.3065572586428621074140
-0.7684875796960688629731
-0.5616489001380235531436
-0.7610177367287775999127
0.6138760797569914859593
-0.2097812267253597055185
0.6628325191163713802541
0.5657848246363288273911
-0.4904493692656600869856
-0.7932996412178903413997
0.3989941323294720970222
-0.4598688526201988480193
-0.0509226719854050697493
-0.8994688134376643987909
0.4340077592980417187264
0.7247857782890177049854
-0.6832949456582176019916
0.0882813277421467299845
-0.0945769193941647254981
0.9299126569820986264244
0.3554119535164840892066
-0.8729309992977851905406
0.4823580955675743106548
0.0729529855824489155663
0.8827127639266711669338
0.4214252693289164218837
-0.2078916034186738230184
-0.3216586617792514855687
0.9163099722249330997781
-0.2385618161054350935007
-0.1771252864947524064386
-0.4430703808032346273758
0.8788146963604036913146
0.0282586676395530015572
-0.1846320588800026717845
-0.9824013693684310548874
-0.9748898190540838506770
-0.1552142985928511694742
0.1596820660469574700768
-0.5529374104513934317022
0.5094560645679625941372
-0.6593290061860096854206
0.3240861994735102507883
-0.5257739817372960366042
-0.7864666906099238083735
0.5133843760469745750163
-0.7845155766867189101017
0.3478099946332242177362
0.3905645184662525125653
0.6358035897100864781071
-0.6657425570195977159407
0.6279597223877807019132
0.6910202822500448329852
0.3579910006937740973388
-0.8926135722279286054254
0.0833774225874663717405
-0.4430453882811190431009
-0.0094503914362986168484
-0.7514862187295371515962
-0.6596810995937984119762
-0.8584671145093950433960
-0.2210534023271457049055
0.4627846222871998930993
-0.5789280076083424312440
0.6042620018541888767373
0.5474575738098827750427
0.0099481352691323235013
-0.9293448087077035476078
-0.3690789361812848645944
-0.0534087464907120051667
0.5481430614830977660010
0.8346775964084742105841
0.3035889856492002513247
0.9441576341618557963003
-0.1280628347584768891110
-0.7473277251306618986954
-0.6643121226184478943019
-0.0138085116215363916334
-0.9249347040360569424554
-0.3698773682414087034328
-0.0876728334921433543044
-0.6466849405864046676412
-0.7014352940210408774601
0.2996449831390043494961
-0.5682952729404614239447
0.8219231410656094447582
-0.0385075698320308292740
0.1427216749212666713180
0.2949956402368079773401
0.9447793899895065123976
-0.1974080615826076599422
0.0596893823404851184685
-0.9785025471903528800725
