0.000000000000
0.000000000005
1.000000000000
0.429941134647
-0.000000000066
0.902856921521
0.347936938951
-0.557990722755
-0.753383195879
-0.524356337962
0.210466621945
-0.825078318638
0.083803975179
-0.992191011367
-0.092379059891
-0.941519429837
-0.335183864405
0.034538967590
-0.519316885275
-0.788916887092
-0.328511975320
0.405135823348
-0.893695023970
0.192806039251
0.684241854701
-0.615782944542
0.390671792540
0.126694338076
-0.410850245169
0.902856921524
-0.939203793252
0.333968342353
-0.079758266330
0.537608417490
-0.396806457720
0.743990473431
-0.122998233958
-0.708600295959
0.694807207079
0.774442305475
-0.042579932159
0.631210000608
-0.507967884128
-0.526008519026
-0.682117047586
-0.427313337315
-0.047462522169
0.902856921523
-0.111015297612
-0.875563404894
-0.470174784209
-0.244529045952
0.353631057680
0.902856921516
-0.136205373542
0.403531586669
-0.904770885240
0.570197394008
0.817617698673
-0.079851303576
-0.097123345839
0.712964595896
0.694441171513
-0.008243493181
-0.941006075520
0.338289241117
0.932158142858
-0.325982282414
-0.157533324271
-0.494070938747
0.709246013249
0.502855844330
-0.069662704155
0.756886586190
-0.649822901486
-0.730429871241
-0.145777324587
-0.667248960160
0.500896474069
-0.156358566831
-0.851266539249
-0.480797105609
-0.456824836651
0.748428494819
-0.333389778272
-0.941910595132
0.040690128058
-0.705225900775
-0.706222997361
0.062494054708
0.821414278119
-0.155629066339
-0.548687686587
-0.330184173677
0.888227229501
-0.319422604439
-0.966239325021
0.046625406620
0.253392261602
-0.819700488694
0.474750195847
0.320473650053
0.299162202963
0.920256396198
0.252250156739
-0.809012253643
-0.458970001826
-0.367213440493
-0.466276244734
-0.775077551741
0.426428484490
-0.633417908721
0.338315616560
0.695934117933
0.246520314610
0.189695223235
-0.950391212484
0.319322334512
0.576551678059
-0.752078060583
0.338788292444
0.698037343847
0.630845749369
0.996985073539
0.077117582320
0.008581470591
-0.088905716819
-0.588289711955
-0.803748087603
0.879354061113
0.297799451886
0.371553390053
0.203996067687
0.378463979305
0.902856921520
0.605289834901
0.356400280995
0.711760532393
0.625236948650
0.259623564924
-0.735985300518
-0.778305808175
-0.463767822916
0.423272341866
0.081673595026
-0.218504232652
-0.972412116435
-0.703743238247
0.663919233200
-0.252896631865
0.681354063666
-0.565133288718
-0.465167718043
-0.504353847134
0.858959300828
0.088408802741
0.717997721375
-0.694562210543
-0.045415941978
0.289741060498
0.861459712903
-0.417057886758
-0.354317022084
-0.185788171263
-0.916483607753
-0.136358597423
0.938343063571
0.317676923866
-0.805499290857
0.314838129393
-0.502043668130
0.889758845911
0.247318920361
-0.383617710428
0.342069153422
-0.842283325578
-0.416590318816
-0.952883914039
-0.047865746817
-0.299534833779
0.029152465564
0.995704396889
-0.087879962268
-0.772698034687
-0.074706829506
0.630362305992
0.658724735616
0.676937256270
0.328386470126
0.867301869294
0.497326852335
-0.021294822499
0.647632698233
0.607712636033
-0.459627283988
0.923496791862
-0.262649135934
0.279587386721
-0.484197922649
0.605324320761
-0.631771191491
0.305905391293
-0.742518862904
0.595892297156
