-3.691112276385973300e-01
8.985695889661686800e-01
2.373385670646437900e-01
1.873801130733411300e-01
-8.985845011838840000e-01
-3.967802760429662300e-01
6.543399233704887400e-01
7.222701447434657400e-01
-2.239756743393263000e-01
-6.924624823429051900e-01
-5.863993195684594800e-01
4.202755626456880500e-01
3.690213814386303400e-01
8.985891408937686200e-01
-2.374042457685282300e-01
-1.872902668733824300e-01
-8.985742285062278100e-01
3.968459547468446400e-01
-2.850762390364747200e-01
4.941527271597871400e-01
-8.213066541660086800e-01
5.049414013909648800e-01
-4.706272440631407700e-01
7.235635274852246800e-01
-9.877286355526381000e-02
7.316567547974055500e-01
-6.744792914422373900e-01
1.368954225801794500e-01
-8.675275798350204900e-01
4.781794030509745600e-01
-2.700618233961031300e-01
9.597186314055269300e-01
-7.750329074997086600e-02
5.019666098915443600e-02
-9.832441143647870900e-01
1.752464173458204700e-01
-6.544121384985568400e-01
7.222210845234649000e-01
2.239228841710821100e-01
6.925211126898820300e-01
-5.863607965274056900e-01
-4.202327031235362800e-01
2.850268257920242100e-01
4.942412579790014800e-01
8.212705324619028500e-01
-5.048943396456692100e-01
-4.707306144948321100e-01
-7.235291247566206800e-01
9.869970447802496600e-02
7.317159240276330800e-01
6.744258112352594600e-01
-1.368086787218632000e-01
-8.675762118863000700e-01
-4.781159921979140100e-01
2.699658624352468400e-01
9.597512915476538200e-01
7.743314207885458600e-02
-5.009834852915704500e-02
-9.832619348944254800e-01
-1.751745496992122000e-01
7.316209609015562600e-01
6.744611629142016600e-01
9.916102707165910800e-02
-8.674841633309301500e-01
-4.781523217982128200e-01
-1.372646477758005200e-01
6.746597198997154000e-01
-9.894483770689491100e-02
-7.314671431007642200e-01
-4.783880296382674900e-01
1.370126433890547800e-01
8.673940446246792800e-01
7.224434873419016700e-01
2.241706191353676500e-01
-6.540817541513732600e-01
-5.865802847751234700e-01
-4.204794601664390600e-01
6.921853748030762900e-01
2.243565121111315800e-01
6.542892484618408900e-01
-7.221978501910452100e-01
-4.206282022876256000e-01
-6.923570540915230400e-01
5.862709485297632500e-01
-7.708868163630158700e-02
2.699996592791801800e-01
-9.597695135566162200e-01
1.748827008509488100e-01
-5.015882066637603700e-02
9.833108021640136800e-01
-9.596524774111240300e-01
7.732406031793637200e-02
-2.703481316647859400e-01
9.832456886188927200e-01
-1.751434456743628200e-01
5.052414521465075500e-02
-8.210537256284036200e-01
2.852548842895463200e-01
-4.944698480399749600e-01
7.232597063288849200e-01
-5.050957228498806900e-01
4.709285592951566500e-01
-4.941468358687731200e-01
8.211623135698563600e-01
-2.855019428541262800e-01
4.705536245236254800e-01
-7.233429281285255200e-01
5.053259292517353600e-01
-7.316883941888217000e-01
6.743807573520205200e-01
-9.921032165404418400e-02
8.675319674798153100e-01
-4.780555481371964200e-01
1.372995932107795900e-01
-6.746498260087637800e-01
-9.895882992252423600e-02
7.314743756596738800e-01
4.783743309417670700e-01
1.369970755774403400e-01
-8.674040585443706400e-01
-7.224659002546034400e-01
2.241461904583473000e-01
6.540653700298737500e-01
5.866223268261970800e-01
-4.204713995882637400e-01
-6.921546415341771600e-01
-2.244219340074229100e-01
6.543195973996096500e-01
7.221500259607976900e-01
4.206974289894602800e-01
-6.923578430020465000e-01
-5.862203429387381500e-01
7.706168130455262600e-02
2.700775162658931000e-01
9.597497759740097900e-01
-1.748776811567266900e-01
-5.024817813689463200e-02
-9.833071327043089200e-01
9.596447402301766500e-01
7.743977264565157800e-02
2.703424756880551900e-01
-9.832281714624112600e-01
-1.752454489533883900e-01
-5.051133995261575900e-02
8.210251979548127700e-01
2.853731183974124700e-01
4.944489939512437000e-01
-7.232091980177726100e-01
-5.052024564739225900e-01
-4.708916370835276000e-01
4.940647268497535500e-01
8.212325833264932900e-01
2.854419201269722800e-01
-4.704812954801482200e-01
-7.234269069338349300e-01
-5.052730558098920100e-01
8.984732632856724500e-01
-2.374309340756220500e-01
3.692862666073198900e-01
-8.985393288535111800e-01
3.968211942904080700e-01
-1.875100377724245000e-01
8.986853759898797400e-01
2.375208012618419400e-01
-3.687118983025379200e-01
-8.986193102522155300e-01
-3.969110614766192000e-01
1.869356694676967100e-01
8.213696161579019400e-01
-2.852909901993888100e-01
-4.939240878552827500e-01
-7.235605641212818900e-01
5.051301105358457800e-01
4.704292523627082200e-01
-2.371837019673323500e-01
-3.690351222698050000e-01
-8.986417362065829400e-01
3.965764015882901100e-01
1.872610295687509000e-01
8.986993181860853900e-01
7.770214385828473600e-02
-2.700697772776971000e-01
-9.597003137651887200e-01
-1.755111958099455100e-01
5.023065688876002200e-02
9.831951491204005100e-01
2.377580735552861600e-01
3.689694722840209900e-01
-8.985169041157379200e-01
-3.971507731761898000e-01
-1.871953795829733900e-01
8.984593219664101000e-01
-2.238948529892329800e-01
-6.543420155475138100e-01
-7.222933071087859200e-01
4.202533883777693800e-01
6.923998948732915700e-01
5.864891091371250400e-01
-6.741920262701324200e-01
9.889138088420854100e-02
-7.319054628164676200e-01
4.778334907967297100e-01
-1.369492602624743400e-01
8.677096606507113100e-01
-8.984495174528841500e-01
-2.375477596106276600e-01
-3.692689081044477900e-01
8.984996467404907600e-01
3.969247388729397200e-01
1.874810296479680600e-01
-8.987091218226680400e-01
2.374578924244080400e-01
3.686945397996655400e-01
8.986589923652360500e-01
-3.968348716867283200e-01
-1.869066613432403800e-01
-8.213410884843113100e-01
-2.853370124875698200e-01
4.939449419440138900e-01
7.235100558101695800e-01
5.051680687879576100e-01
-4.704661745743373700e-01
2.372205961900329100e-01
-3.689457209046872500e-01
8.986687063480991400e-01
-3.965951199790126400e-01
1.871556882010148900e-01
-8.987130015654815100e-01
-7.767514352653580300e-02
-2.700073982673765200e-01
9.597200513477950300e-01
1.755061761157233100e-01
5.017634191451030000e-02
-9.831988185801052700e-01
-2.377949677779867800e-01
3.690113708904710400e-01
8.984899339742218300e-01
3.971694915669122300e-01
-1.872213381867926500e-01
-8.984456385870138700e-01
2.239602748855243900e-01
-6.542668303139368400e-01
7.223411313390334400e-01
-4.203226150796041100e-01
6.923150022202776400e-01
-5.865397147281502500e-01
6.741821323791807900e-01
9.901228674521052300e-02
7.318982302575577400e-01
-4.778197921002294000e-01
-1.370604587040209500e-01
-8.676996467310200700e-01
7.220476691165745900e-01
-2.240983871393082400e-01
6.545434106343769300e-01
-5.861797722086818900e-01
4.204208161246004700e-01
-6.925601865704544800e-01
4.943292084698066600e-01
-8.211831585401095900e-01
-2.851260314031390200e-01
-4.708765156294155700e-01
7.233798341958684900e-01
5.049721997372316200e-01
7.317516441633229500e-01
-6.743879867484842100e-01
-9.869333611546492200e-02
-8.676195409338360900e-01
4.780655576782881800e-01
1.367101121040684700e-01
9.598250859736184900e-01
-7.734378927025831200e-02
-2.697290169726905300e-01
-9.832777786765967100e-01
1.751471135295915900e-01
4.988284858616597000e-02
2.701112858876572600e-01
-9.597242849091741600e-01
-7.726053450300976500e-02
-5.030864521317701700e-02
9.832569140277044300e-01
1.751424598249387300e-01
2.856011481328745200e-01
-4.942127236419239200e-01
-8.210881609033314800e-01
-5.054037887548419300e-01
4.706800943860011100e-01
7.232062354965119700e-01
9.920395317621362500e-02
-7.317060278256689600e-01
-6.743625616223021300e-01
-1.372010264333859100e-01
8.675625099900615700e-01
4.780284192444729800e-01
-7.316842108760573900e-01
-6.744539335177378600e-01
9.874263069784998400e-02
8.675717367849510300e-01
4.781423122571211700e-01
-1.367450575390477000e-01
-6.541966414034847700e-01
-7.222865217009863900e-01
-2.243411129184553200e-01
6.921937146082121100e-01
5.864300393991959100e-01
4.206752552113598400e-01
-7.220252562038728100e-01
-2.242184224544068500e-01
-6.545270265128775300e-01
5.861377301576083900e-01
4.205300436301022700e-01
6.925294533015552400e-01
-4.942470994507868200e-01
-8.212117383562401700e-01
2.851860541302930800e-01
4.708041865859383700e-01
7.233900008664919700e-01
-5.050250731790746400e-01
-9.598173487926710000e-01
-7.742004369332937400e-02
2.697346729494209400e-01
9.832602615201151400e-01
1.752417810981599100e-01
-4.989565384820127800e-02
-2.700153249268009700e-01
-9.597456380440064800e-01
7.733068317412622500e-02
5.021033275317958500e-02
9.832491352315081400e-01
-1.752143274715467800e-01
-2.855517348884240000e-01
-4.941812614968648100e-01
8.211242826074374200e-01
5.053567270095461500e-01
4.706777641719716600e-01
-7.232406382251158600e-01
-9.913079409897483700e-02
-7.316666509993696700e-01
6.744160418292800600e-01
1.371142825750697200e-01
8.675412817312588800e-01
-4.780918300975333100e-01
6.542688565315529800e-01
-7.222047075659442400e-01
2.243939030866994000e-01
-6.922523449551888400e-01
5.863300766966693700e-01
-4.207181147335116700e-01
3.689594245385128800e-01
-8.985522380533248500e-01
2.376401029573303200e-01
-1.871264320242005100e-01
8.985555057432684800e-01
-3.969656175745594500e-01
-3.688695783385457800e-01
-8.986064918066124500e-01
-2.375744242534456600e-01
1.870365858242419300e-01
8.986032239468433300e-01
3.968999388706812000e-01
