4.037066237997736200e-01
8.067949721578705500e-01
-4.313963778255083300e-01
-8.508352771177920500e-01
-4.498443320976752100e-01
2.715131821689078000e-01
7.271362048632427900e-02
-3.972416589272596000e-01
9.148288330657761100e-01
7.575624104382299200e-01
4.873789276813774700e-01
4.342360822676641900e-01
-4.278201649909329400e-02
5.130768176232614100e-01
-8.572758472521302400e-01
-8.931092663619243400e-01
1.983567901668251400e-01
4.037454917806258000e-01
5.675945735533538500e-01
2.666191236135634900e-01
-7.789420023315738500e-01
-5.505462821231242900e-01
-1.965600970420247600e-01
8.113340369362271900e-01
-4.167572259661045400e-01
4.522977400192304500e-01
7.885050215303223100e-01
8.735028632624847200e-01
-2.125425566250118100e-01
-4.379707861211119500e-01
-7.876027189557393000e-01
6.067009249853256800e-01
-1.076844683112509900e-01
6.483332614413158700e-01
-6.315777230249857200e-01
4.251747427675367500e-01
3.116239559626810500e-01
9.257452070901379700e-01
2.142109278720550100e-01
-4.848330002045131400e-01
-8.694799792481990900e-01
-9.455965101057596500e-02
-6.574674237517665900e-01
-4.583431308249520900e-01
-5.980452835118724700e-01
2.430239319661260900e-01
4.645149147675852200e-01
8.515663582188921500e-01
-9.760117047092670100e-01
-1.941565927443563900e-02
-2.168506039775996200e-01
-3.452324814356750900e-01
8.905222153418499400e-01
2.962848591211004700e-01
-3.374926762330187600e-01
-7.659870263683112900e-01
5.471403557813178100e-01
-7.998172090479335700e-02
-7.833177936547641700e-01
-6.164545064033032400e-01
5.283092617077807000e-01
-7.720920037671805700e-01
-3.532184334269089500e-01
-2.277088454753540500e-01
-1.139733649541615600e-01
-9.670360664283969000e-01
-6.523441027617101800e-01
3.131977591929099300e-01
-6.901842762831963400e-01
9.735451434236281900e-01
-9.671096348245437900e-02
2.070189442021251900e-01
3.756150001409215300e-01
-3.635985120451562500e-01
-8.524725765135696700e-01
1.520438788001747500e-01
-9.764864704092113300e-01
1.528294213401278600e-01
6.302928377946583900e-01
-6.779022047141905500e-02
7.733921544942080600e-01
-2.487466512022794300e-01
8.993816683443858200e-01
-3.594964786499594800e-01
8.871650665520030000e-01
4.102427681959551200e-01
-2.112794732876336600e-01
