1.205158171439977000e-01
-5.037602250794570600e-01
8.553955654818473600e-01
8.623331788470151000e-01
-2.669083973422120600e-01
4.302806015704332400e-01
-4.589483711621605800e-01
-1.961420635957311600e-01
8.665417955851914000e-01
3.689195698370395500e-01
7.468178436508771100e-01
-5.533185876110687800e-01
-4.637666085295297800e-01
6.881200683564971900e-01
-5.580423857898858500e-01
1.430478018969198200e-01
9.344759944275584700e-01
-3.260244503270965400e-01
8.460911196128191300e-01
5.311055960564361500e-01
-4.535044817710267400e-02
6.389360466077245200e-01
7.498383841617345400e-01
1.717647402204855200e-01
5.980687798749937500e-02
-9.981357608397747300e-01
1.217128909329133700e-02
-5.240914788335749900e-01
-5.597561246235575000e-01
-6.418731983503073200e-01
8.566220506122990100e-01
-1.823879750463661100e-01
-4.826316286395516100e-01
-7.514684676864690200e-01
-1.412562187358055700e-01
6.444701876281110400e-01
-9.365019357897607100e-01
3.269279816808204300e-01
1.268156893138080200e-01
-9.284732965827735600e-01
3.506448154775283100e-02
3.697402056397226000e-01
8.396348019210507400e-04
5.124896975308649300e-01
8.586929631353235100e-01
-1.827485194619671800e-01
-5.928521922283680500e-01
-7.843017638667385500e-01
4.402690311541185300e-01
-7.759008491034212800e-01
-4.518197124597419500e-01
2.245053771043200300e-01
5.280394091629058200e-01
-8.190065433329190000e-01
-7.350533991777320500e-01
-2.544510553354885100e-01
-6.284513989131681500e-01
7.032154040951446000e-01
-6.977124307355665500e-01
-1.366947674213240500e-01
8.369485801622104100e-01
-5.226748410251628200e-01
1.622593132112326000e-01
8.153541232751992900e-01
4.692154037135219400e-01
3.391674491694152100e-01
3.408239412191881900e-01
-7.092563443613021400e-01
6.170854714503182200e-01
-8.082446659411233200e-01
5.774139575973354900e-01
-1.154715616483320700e-01
-2.649406833717727300e-01
1.843869061911313200e-01
-9.464712901719528600e-01
-5.723906951676645000e-01
1.911579389335093700e-02
-8.197581829474499500e-01
1.680876407811914600e-01
7.555310991755961300e-01
6.331818879241011300e-01
-1.032436480312063100e-01
-2.295487984751190800e-01
9.678058164011196200e-01
-8.818576527779383700e-01
-3.317101833953027800e-01
3.351051095833065300e-01
9.834117234428961800e-01
-1.523448279443781700e-01
9.845016807334816500e-02
9.745372906359370800e-01
5.045113180609479800e-02
-2.184759768474587600e-01
6.924275283690214400e-01
-9.909217713053285200e-02
7.146501650376213500e-01
8.844188547716501600e-01
1.029395785015158000e-01
4.551996622388172500e-01
-3.610973330694357600e-01
4.371635785126731200e-01
8.237091244317589200e-01
6.759351387251367700e-01
3.353447367546712500e-01
6.562435491245384200e-01
9.693224425996950200e-01
2.184599974198566100e-01
1.126464904019532200e-01
4.564150580375097600e-01
1.355525664351040800e-01
8.793809166279841200e-01
-1.299404124671189600e-01
-9.366088328994118800e-01
3.253911236384250400e-01
-1.907263127948064200e-01
5.282100827794317100e-01
-8.274162084814653500e-01
3.043876465897074100e-01
-1.037972276951207000e-01
-9.468760722113462900e-01
3.999928978790520700e-01
-9.101400181653289700e-01
-1.079390058335400500e-01
1.434451365203001400e-01
-7.284932996512361000e-01
-6.698664084516604600e-01
5.478719558109338400e-01
6.558757528039271800e-01
5.192911677660077000e-01
-6.383390678623168700e-02
-1.247176996721867900e-01
-9.901367217373996400e-01
5.749260351879838000e-01
-7.938192160770544100e-01
1.982702858469627100e-01
-5.871067261092908200e-01
-4.740384048972983200e-01
6.561960704238143400e-01
-2.630991576823260000e-01
1.055103272297367300e-01
9.589819623302227000e-01
8.521408679845993200e-01
3.633634200093959200e-01
-3.765939007864163000e-01
-6.320281449830640300e-01
1.940649992266039500e-01
7.502527574254194100e-01
-6.833439220932153700e-01
-6.454804740205784000e-01
3.411686412852613600e-01
-7.046241157944923600e-01
6.718174708755776400e-01
2.283990833326007000e-01
1.009897865033513400e-01
1.758128426441289400e-01
9.792297520926324100e-01
1.047234804007688100e-01
2.082546152073187200e-01
-9.724520594340891900e-01
-3.803765890802128200e-01
-7.564445374448221000e-01
5.320764157990769400e-01
4.914814610245658600e-01
-4.063775251161856900e-01
7.702618259719237200e-01
-9.240730291677992100e-01
-3.809951213347518900e-01
-3.052465042823066700e-02
-5.255821696024056700e-01
3.825951014087937100e-01
-7.598581258195658000e-01
-3.646282879808245700e-02
9.274727054047747800e-01
3.721086438732506000e-01
-2.692595529014840100e-01
-9.507934210870934200e-01
-1.532682732622580900e-01
-9.384502446646437700e-01
2.514888548076593700e-01
-2.367794209731971500e-01
7.496499206697272400e-01
1.321579026967335800e-01
-6.485054241829226700e-01
-2.240736986879430000e-01
9.012373535789535200e-01
-3.708937989105635100e-01
6.149563105392030800e-01
-1.939338451245805300e-01
-7.643418082528304900e-01
-8.212314796994890600e-01
1.106461509726633900e-01
-5.597644915725920000e-01
-7.895673835881975600e-01
-5.002252642601526800e-01
-3.554687493571675500e-01
-2.509191486198750900e-02
-7.684381116464262800e-01
6.394319857325199100e-01
6.560743035083432800e-01
6.798978458078626100e-01
-3.275750716124020700e-01
6.602166329248128100e-01
-5.736116338529738700e-01
4.848542988547642800e-01
-3.768943904531105200e-01
-2.909200488447949400e-01
-8.793839568840907700e-01
-7.213690926389078100e-01
-6.920895995208988800e-01
-2.527090066303005000e-02
-9.997624199943415700e-01
-1.964947196750813800e-02
9.434077509542233800e-03
-7.480474613366555600e-01
4.644660072692062800e-01
-4.740214379953575600e-01
2.634338020069556000e-01
-1.740084175501225800e-01
9.488538889533321100e-01
6.094577174656838900e-01
4.757253595818051200e-01
-6.342291958529511200e-01
2.461798374962251000e-01
-9.141114768049621900e-01
3.221733936621448100e-01
1.314317961049100700e-01
-4.281391454302310200e-01
-8.941043312292525900e-01
-5.376834305187483400e-01
-7.725106554661642600e-01
-3.378221658459193400e-01
-5.381575314666775500e-01
8.212283857296127600e-01
-1.896586665502698900e-01
-5.457887781673908000e-01
6.228840727570194000e-01
5.604730515664201300e-01
7.132309414103505900e-01
-5.244763028469818800e-01
-4.650013246936678900e-01
7.161278429955533900e-03
7.746017563697758000e-01
-6.324087563594509300e-01
-9.312643438600243200e-01
-1.580575598820583800e-01
-3.282750822391000700e-01
1.163021055923501300e-01
-9.295026729991120500e-01
-3.499980015975688300e-01
-8.015926124828487400e-01
3.692932262048977400e-01
4.701827269180567400e-01
-2.026418890052232000e-01
7.373583642191109400e-01
6.443903378671284000e-01
-2.534394123573608400e-01
-5.299050924518059500e-01
8.093015860960601800e-01
1.172235031461765800e-01
9.923045538642081300e-01
3.987885016513512800e-02
-3.976423522274793500e-01
8.610137647805057300e-01
3.170738976539969100e-01
4.584398856966757600e-01
2.228153939321791100e-01
-8.603407298444417700e-01
-2.100320100473631600e-01
-8.374044367409315700e-01
-5.046190286563396700e-01
-4.561264849372317400e-01
-8.756482629651435300e-01
1.587096383491941000e-01
3.296218770965632600e-01
8.862549851265310000e-01
3.254251365179257100e-01
4.479993956636082500e-01
-5.232755429114023200e-01
-7.248994741864689400e-01
9.043626280561999400e-01
-3.882115879130873500e-01
-1.772568757066497200e-01
-2.504087888905164900e-01
9.681178830462484600e-01
-6.572896806989892400e-03
3.655376228182906100e-01
4.853878014402372400e-01
7.942171796916547300e-01
4.415661359893086100e-01
8.905125633987411900e-01
-1.095751886901155800e-01
