-0.000000000008
0.000000000001
1.000000000000
0.399598276420
-0.000000000020
0.916690360745
-0.067400254314
-0.491466495106
-0.868284452185
-0.033330325795
-0.798338395767
-0.601286034452
-0.698106306529
0.240905773670
-0.674249206894
0.119618197789
-0.992326856806
-0.031287314019
-0.577444152810
-0.803771153899
-0.143213765211
0.497426022836
0.809666739899
0.311459663692
0.516072820224
-0.771866098357
0.371337542451
0.698579397396
0.333077740682
-0.633281962633
0.423378710484
0.895474195889
-0.137391528142
0.299824523215
-0.875703613412
-0.378481752185
0.445292745963
0.573500566613
0.687612878360
0.694997352797
-0.176388069258
0.697040837131
0.135373301056
-0.919125400376
0.369976442149
-0.978184518606
-0.166650800389
0.124026441892
-0.246356679226
0.964814075053
0.091881375588
0.208606443311
0.188516752282
-0.959658681990
-0.194878782358
-0.473396248098
0.859021683355
-0.943607380563
-0.172367073641
-0.282656511108
-0.243432803034
0.842138057077
0.481190152882
-0.915635902871
0.232322283648
-0.328081163577
0.665510636697
0.230532801557
0.709894513184
-0.212278776510
-0.941065337001
-0.263313031462
0.363148840448
0.517868394861
-0.774554869125
0.600956633888
0.673532593810
-0.430354469317
-0.494052653840
0.571167311275
0.655499716068
-0.513265792705
0.837091328869
-0.189304868324
0.984657381079
0.032324508106
-0.171478768548
0.962995755264
-0.229984822159
0.140521019494
-0.228227683159
-0.819139667709
0.526234101351
0.486273162128
-0.527289601730
0.696781233746
0.779755645729
-0.464127215309
0.420198835033
-0.850879666276
-0.524773066771
-0.024839925737
0.648118096167
-0.662870353266
-0.374894422715
-0.525880187043
-0.562969557856
0.637585528226
-0.425641352154
0.540451742670
-0.725769490390
-0.075794584690
-0.102515416062
-0.991839589047
0.191114796458
0.350932923930
0.916690360742
-0.749549641330
-0.162714555687
-0.641637988705
-0.284403290741
0.280701889456
0.916690360739
0.281433269673
-0.284994584427
-0.916282380911
0.155887056329
0.974630893336
0.160604630766
0.191016620161
-0.350986372018
0.916690360743
-0.429791906271
-0.727511934761
-0.534794635430
-0.090759134573
0.614509103926
0.783671704659
0.901908241918
0.052557212167
0.428718162212
-0.248023778112
0.830055013919
-0.499492621927
-0.705052259869
-0.198751448399
0.680734289289
0.506381695409
-0.861896529511
-0.026682409421
0.324519588374
-0.631236243038
-0.704434413012
0.749591692021
0.508812673704
0.423346144816
-0.382537215149
-0.115516499061
0.916690360738
-0.893613594405
0.074012448716
0.442692784365
-0.643072309792
0.200461348647
0.739103005052
0.941360203004
0.315666978025
0.119144144569
-0.574015811973
0.779741724370
0.250017381158
-0.030206004390
0.626841770995
-0.778560846328
-0.703923536219
0.566620295801
-0.428290900608
-0.460230086394
-0.013162140920
-0.887702104101
-0.753044692718
-0.505914308174
-0.420683257991
-0.247929799237
-0.958172221231
0.142957368163
0.114207484212
-0.694637681296
0.710235976471
-0.459163838570
-0.409121839491
-0.788535281266
-0.587166512104
-0.765527567414
0.263064688990
0.231540194667
0.816324924346
-0.529152866519
0.160068807233
0.825851177520
0.540691972882
0.892995342179
-0.349220875686
-0.283908609998
0.837369425218
-0.040534717884
-0.545132444784
0.735991108669
0.676943988760
0.007995251168
-0.813986949405
-0.444703659079
0.373716338685
0.870231118592
0.411225928247
-0.271276678267
0.552591773058
0.008644740097
-0.833407223881
0.014169345435
0.974899360346
-0.222194659809
-0.791082886245
0.466332922913
0.395880628596
-0.968071789018
0.238657839733
0.076677551086
-0.802797278535
0.595321578432
-0.033297865256
0.805907788792
-0.591112505627
0.033145763771
-0.187907666429
0.286468667606
-0.939481990981
0.642258289679
-0.377749344259
-0.666940568754
