0.115309935921
-0.682688050790
0.721554325041
-0.973044363575
0.219093077197
-0.071992291531
0.729508492586
0.423434521654
0.537141103544
0.827307530878
0.034159497921
0.560709709257
0.666777993160
0.593939938996
-0.450158257399
0.139787868777
-0.990181107640
-0.000851947624
0.429731892723
-0.441046927632
0.787913769395
0.569666173769
0.812057254044
-0.126662806766
-0.658821103361
0.707893021676
0.254641362761
-0.636796394291
-0.765638953667
-0.091034855120
0.637371253674
-0.160122936822
-0.753736379707
0.748576705645
-0.360100419047
0.556741056478
0.698546275644
-0.692343907548
-0.180812097120
-0.667879200184
-0.591299244188
-0.451998426750
0.199799793268
-0.897773698327
0.392533347886
0.354513847782
0.913990726803
0.197334444658
-0.413239480074
-0.118496404090
-0.902879689840
-0.834038936550
0.351440463693
-0.425286553747
-0.589360877290
-0.535668132540
0.604742431206
0.034413564935
-0.923099314408
-0.383018749264
-0.845225131781
-0.257033821428
0.468538249504
0.948699712134
-0.191977245343
0.251224189654
0.933410519098
0.283275201635
0.220227071399
0.200329453675
0.964778472598
-0.170501052200
0.996097011661
0.027741054882
-0.083792465257
-0.637362681699
0.491933052720
0.593102591142
0.309720866947
0.202008306895
-0.929120890155
0.548030333928
-0.059594537039
0.834332813840
-0.172131238246
-0.952802790497
0.250075347127
0.847241957870
0.523441615692
-0.090498286101
0.441290927297
0.703010643423
0.557708125026
-0.541248566014
0.770558080623
-0.336586146735
-0.422785064479
-0.498386571944
-0.756877542380
0.684927935839
0.688575521256
0.238196293493
-0.318074418381
0.855334639746
0.408939260063
0.785563616660
-0.586520612183
0.197188680366
-0.984124465701
-0.139200922492
0.110100586676
0.020690929879
0.478005454291
-0.878113131145
-0.925279974493
-0.038038473918
-0.377372552400
-0.408698580865
0.912538693402
0.015446780984
-0.798074664017
0.123401042574
0.589787261091
0.651002987911
0.240294010463
-0.720037428379
-0.282436165952
0.619379604789
0.732528987368
-0.327245030749
-0.797895348802
-0.506234829117
-0.174613446592
0.933791189299
-0.312320602997
0.411536764870
-0.796903688479
-0.442246540347
-0.257477095842
-0.762355447603
0.593733708514
-0.122088110250
0.315333531542
0.941094712141
0.530826131912
-0.691444997727
0.490027991851
-0.805903216660
0.583815570198
-0.098383867434
-0.717484975582
-0.245897417197
-0.651728294636
0.083650859893
-0.311684425368
0.946496356370
0.002644739577
-0.698875802297
-0.715238154964
-0.203590453687
0.726913289230
-0.655856689460
0.497861330307
-0.858110153286
0.125622691469
0.698680247194
-0.485432827355
-0.525548173155
-0.280802896809
-0.449850657910
0.847811369776
-0.536529558397
-0.789670887847
0.297583470395
-0.899694802819
-0.392929040134
-0.190147393356
0.882571092605
0.259727258033
-0.391931139275
-0.236225066286
-0.069161089213
0.969233956172
-0.603212603535
-0.173359658028
0.778512031959
0.145429891899
0.580767870757
0.800973674248
0.071029616679
0.853941412846
0.515498648865
-0.825769542856
-0.534964043838
0.178656468936
0.282366200970
-0.199015540248
-0.938436009161
0.371814633276
-0.543957521585
-0.752239385563
0.391827028391
0.547042753781
-0.739740363478
-0.082506485652
-0.367471634672
-0.926367787403
-0.333148001506
0.288094196498
-0.897782904179
0.887344953895
-0.139483540306
-0.439503441147
0.461187743783
0.332800856772
0.822526263846
-0.549456998872
0.521925728275
-0.652449645992
-0.038190572488
0.987585973685
0.152366087940
-0.282193705434
-0.949580161203
-0.136617092868
-0.669048333421
0.145727728266
-0.728791984562
-0.497045724071
0.209179255832
0.842133948438
0.196577933128
0.072925057673
0.977772495098
0.171231019532
0.820892635081
-0.544807506942
-0.881513957428
0.374726843424
0.287250649569
0.923744004576
-0.366893893439
-0.109935822040
-0.045161751411
0.026277189072
-0.998634029835
