0.731406478457
-0.135317656443
-0.668381399446
-0.108716513588
-0.162112239959
-0.980765181544
0.197503611166
-0.749606788625
0.631729361376
-0.738177504361
0.574545676951
-0.353540997838
-0.470693659448
-0.781924699674
-0.408706793430
-0.070989741775
0.493136144476
-0.867050863314
-0.861897438698
-0.062557885115
-0.503209018377
0.854939237784
0.266344495183
0.445128643859
0.914562853522
0.386032713516
0.120638016614
-0.330380623437
0.943479845198
-0.026351951787
0.983159236852
0.139870715998
-0.117618441574
0.887333446028
-0.339560488217
-0.311990433188
0.214105885122
0.319447078018
-0.923099254849
-0.421173889861
-0.499725323020
0.756893094190
0.047375039078
0.825483116593
-0.562435089493
0.381558397554
0.354738135799
0.853565489149
0.660462471444
0.220424581252
0.717775959331
0.976133350318
0.056111664551
0.209797911089
0.186624246783
0.942430958137
-0.277480232913
0.002813550399
0.999995994526
0.000308003434
0.865086021347
-0.501623418143
-0.000349342577
-0.866961653736
-0.498374776476
-0.000270415485
-0.732032947636
-0.131881581522
0.668382384590
0.107955170246
-0.162613011386
0.980766378780
-0.201016453024
-0.748677085916
-0.631723837320
0.740863513243
0.571080558391
0.353536774004
0.467021946572
-0.784120232323
0.408712567315
0.073301354883
0.492804236377
0.867047228230
0.861594629740
-0.066595034333
0.503209494550
-0.853680922786
0.270347204338
-0.445130622603
-0.912925967227
0.389888274516
-0.120637107713
0.334801089585
0.941920469765
0.026345000462
-0.982492554233
0.144480205206
0.117617393189
-0.888915927919
-0.335393634261
0.311992921696
-0.212605586988
0.320454342686
0.923096895583
0.418825970297
-0.501700348545
-0.756889402010
-0.043503712390
0.825700336107
0.562429001707
-0.379890804868
0.356517117992
-0.853568111492
-0.659421623602
0.223513858323
-0.717777596100
-0.975859507527
0.060686715023
-0.209798341720
-0.182203010700
0.943297748098
0.277473280379
0.251847292089
0.699929888915
0.668334565971
-0.194740576178
-0.012141437011
0.980779635544
-0.547906377180
0.548395571429
-0.631712671301
0.124161589204
-0.927131049125
0.353570244101
-0.912552338489
-0.012374426699
0.408772678982
0.390186895999
-0.309844075588
0.867035659598
-0.488437462890
-0.712842755297
0.503273336335
0.660938954981
0.604115803277
-0.445200846831
0.794115468056
0.595673639140
-0.120638049673
0.648328230132
-0.760905301979
0.026336807588
0.616377478029
0.778628681168
0.117542253854
0.154018915327
0.937534581120
0.311940832410
0.383884637827
0.023936058944
0.923070771893
-0.643947626993
-0.111897693846
-0.756842361263
0.736866028063
-0.375149628963
0.562397735216
0.498642576021
0.150698254684
-0.853607414104
0.523232644988
0.459286763138
-0.717832340052
0.540472295588
0.814766358156
-0.209870148710
0.908039425966
-0.313843996571
0.277428092861
-0.248562473882
0.701098209911
-0.668339731452
0.194681485488
-0.013061699121
-0.980779542621
0.550471861520
0.545824997248
0.631708636995
-0.128507666594
-0.926541253755
-0.353563409753
0.912484273530
-0.016656379739
-0.408772571946
-0.391635519839
-0.308017426140
-0.867033381592
0.485089473258
-0.715128975171
-0.503268071513
-0.658098904487
0.607211671883
0.445196380759
-0.789062774074
0.602350894113
0.120637220345
-0.651889085332
-0.757857036590
-0.026331208025
-0.612719613924
0.781509527138
-0.117548005960
-0.149621007637
0.938244188059
-0.311947748264
-0.383768194099
0.025729073512
-0.923070955005
0.643415857880
-0.114910435776
0.756843197484
-0.738617061350
-0.371694392323
-0.562394981661
-0.497930435747
0.153041091179
0.853606294240
-0.521073225654
0.461740511801
0.717828944295
-0.536645806124
0.817293291975
0.209864131434
-0.909501102477
-0.309584678615
-0.277425794331
-0.482935385211
-0.565787731669
-0.668324514292
-0.086099068773
0.175163405410
-0.980767419810
-0.747889097981
0.203788576351
0.631769034750
0.866636828378
0.351991779360
-0.353613341040
-0.441846498251
0.798576689554
-0.408713766449
0.462506713003
-0.185128030654
-0.867072749366
0.376739158271
0.777681455294
-0.503268477771
-0.196779467174
-0.873551385867
0.445180657204
-0.127119785171
-0.984523856278
0.120637210830
0.982266104169
-0.185623091759
-0.026407733843
-0.370455698241
-0.921381505897
-0.117552950755
-0.737755090240
-0.598687050266
-0.311915441536
0.169536098784
-0.345186065680
-0.923094844135
-0.222138483906
0.614643887758
0.756880033566
0.691165123461
-0.453794764885
-0.562459850544
0.116488745359
-0.507770059310
0.853580657626
-0.139291102916
-0.682157383659
0.717815639679
-0.439458853253
-0.873402702774
0.209865754913
0.722838918547
-0.632849259592
-0.277499031471
0.480277036183
-0.568041129189
0.668328694630
0.086919502813
0.174764982072
0.980766129652
0.748836455502
0.200274729515
-0.631770524501
-0.864976759879
0.356054288173
0.353610730525
0.445586276080
0.796499048886
0.408707885528
-0.463369702265
-0.182950848470
0.867074106445
-0.373088359685
0.779443194620
0.503262736776
0.192681101676
-0.874467788819
-0.445174212388
0.118809812800
-0.985561217874
-0.120637117861
-0.983125715123
-0.181014884639
0.026409085607
0.366131151508
-0.923107623619
0.117559751245
0.734939664433
-0.602137596434
0.311919868884
-0.171152840638
-0.344380487475
0.923097386513
0.225018172586
0.613589913430
-0.756884561967
-0.693285416863
-0.450544666528
0.562463184776
-0.118868478313
-0.507224540343
-0.853576915420
0.136090835742
-0.682808330856
-0.717810607153
0.435358520997
-0.875455326935
-0.209859307006
-0.725798478130
-0.629450771460
0.277503685476
