7.254500036154659700e-02
-3.413499557418872000e-01
-9.371325576659659300e-01
2.078807694756772100e-01
-9.781532179557862500e-01
1.366705872015975900e-03
-7.993900859959768300e-01
-5.261095918059226500e-01
-2.901451151081996200e-01
1.574693246524725400e-01
-7.409494910244914800e-01
6.528378539454046100e-01
5.321459468635485500e-01
-6.629697441615028900e-01
-5.265850449482294400e-01
-5.746095804990009000e-01
-1.221181221697745100e-01
-8.092657129994390600e-01
-4.670994951239353400e-01
-4.546030443944121800e-01
7.583891703355849500e-01
4.490126573272259500e-01
8.704716792329413300e-01
2.016598353994336600e-01
-9.304865037446674600e-01
-1.977504802105440600e-01
3.083660388653787200e-01
6.116061272884472100e-01
-2.253525029012819800e-01
7.583892104317911900e-01
-2.165370363216988500e-01
-8.220826436734931500e-01
-5.265850727772445300e-01
9.442574814006279300e-01
-1.555431085193114400e-01
-2.901450502956968700e-01
-7.642077281494371600e-01
6.126335586723374900e-01
2.016597903032322800e-01
-2.333696168139091300e-08
-6.509251533047914300e-08
9.999999999999976700e-01
-7.254495662194546100e-02
3.413500777425052000e-01
-9.371325166132620200e-01
-2.078807695394120100e-01
9.781532177778661200e-01
1.366823510312644000e-03
7.993900995381918500e-01
5.261096295784353200e-01
-2.901450093059697600e-01
-1.574693551229522900e-01
7.409494060347745500e-01
6.528379430562200000e-01
-5.321459222857611900e-01
6.629698127150124300e-01
-5.265849834767963900e-01
5.746096182705612300e-01
1.221182275240453700e-01
-8.092656702822290700e-01
4.670994597269518800e-01
4.546029456634727000e-01
7.583892513194550000e-01
-4.490126667394244700e-01
-8.704717054860504600e-01
2.016597011198749100e-01
9.304864893520193900e-01
1.977504400658987900e-01
3.083661080389636400e-01
-6.116061626854393300e-01
2.253524041703802200e-01
7.583892112232489800e-01
2.165370608994956800e-01
8.220827122269586100e-01
-5.265849556477809600e-01
-9.442574678584263500e-01
1.555431462918860600e-01
-2.901450741184728500e-01
7.642077187372233700e-01
-6.126335849253751200e-01
2.016597462160763000e-01
