0.0000000000000000000000
0.0000000000000000000000
1.0000000000000000000000
0.3346260009931223683903
0.0000000000000000000000
0.9423510171158891828895
-0.4576154880859279673908
-0.7046173796337114321432
0.5423120996087032727639
0.7233979288732091387707
0.6903218329958584278750
0.0122964788126356792525
0.7793623453615896329732
0.5536116648557619648571
-0.2934424290522994203166
-0.9648972920537282828929
0.2560129441078344160859
-0.0585712236223645749252
0.8762132234147105977926
-0.3441102468338952412690
-0.3373996519516849500182
0.3569882527264068468087
-0.4011170474139033697729
-0.8436020991494150321331
0.1399994761467985645319
-0.6453181875446372098590
-0.7509757542708861761112
0.4331245955840757601424
0.4312284699143935300888
0.7914828434245570016943
0.1300213783121587913882
0.2158126954149260262151
-0.9677392839394042344251
0.2676293459757205498052
-0.0944831228684484454153
-0.9588782366211226848491
-0.8400576362290701985380
-0.2029074203908865069170
-0.5031219996815317353513
-0.0819983624200091226651
-0.8216341696713379098535
-0.5640864825440580816369
-0.1951254467548117932863
-0.5890984270708641989652
-0.7841486486957487593839
0.0749116792118214303211
0.5279528992724698842171
-0.8459633422716722123019
0.4488065009557725109263
-0.5350680801317068290741
0.7157338013004594209585
0.4638685998239566473238
0.8807025024262470220145
-0.0958593986915645395722
0.2591183078559982777910
-0.3292654373746705479852
0.9079878712209271623515
0.4537461194201005761820
-0.6388397967672574991809
-0.6212875124912530878430
-0.7002240539872520733383
0.4524499483436411412368
0.5522457047922549091137
0.8964811416793887349659
0.1895924701185790534183
0.4004700461801799361377
-0.4408656314689477435964
0.7515640373581682932461
0.4907025501659592629547
0.9685284923837570028585
-0.2476233400125432963038
-0.0252039862299424266286
0.3237611142691457254855
0.6723772407169161904051
-0.6656482457372717396823
0.0744619466022664458400
-0.5935222693506718267390
0.8013655434900041812615
0.6195665759802802769170
0.4962035013910409621795
-0.6082099498818995780301
0.6386662992316965894047
-0.7608002761137006759335
0.1152748805725072316289
-0.1139596542427408901518
0.9322762695987622203776
-0.3433280564531407025573
-0.6539410655712605519159
0.7079641434372516606602
-0.2667355513737958096346
0.6836469603564125440292
-0.6281060466777541083411
-0.3716310370815127069748
0.8182813421871575440501
-0.5113671985444244776864
0.2625247288946531598586
0.1388642269072534369885
0.9627183963894174411432
0.2321422317003938552752
0.1360701705343452554104
0.5957174483980456952107
0.7915842534846660051989
-0.9032739502721646108597
-0.3736369598258196609857
-0.2109303036830837126047
-0.6161493936720392786373
0.5492464431400257149104
-0.5645248173248089034215
-0.4006910847142567091194
-0.2334808859736873681200
0.8859646327678404288974
-0.8267422956199988426477
0.1374164040443867855296
0.5455400155190123920638
-0.0292739869462207463140
0.7723560214768960464840
-0.6345149405464405534971
0.8387305094377513130785
0.2711228565284426211285
-0.4722536703998685428499
-0.1337618704735381712265
-0.7812158107787555300280
0.6097619363298368693972
0.9440798324192505502118
0.2935028561798172361092
-0.1502309669593100803856
-0.2985015909147922862111
0.5971188758159466115144
-0.7445440540126810549579
0.5844973344024302724520
-0.6811634645995749835748
0.4408845660387276011606
-0.4184030114382248804210
-0.9082115009516938728206
-0.0095283554979870175611
-0.4255966306336201452178
0.5212287821935673490193
0.7397216129101005464436
-0.9324837997816984674379
0.0861431009926772051568
-0.3507895797997008643791
0.7981328480334528224695
-0.0680077470135265883187
0.5986308572368730379429
0.1406807504584089998780
0.9842861239189835596644
-0.1067227844042789020438
-0.1553859222836133905509
0.9067152173872578454798
0.3920749031938267374500
0.7213480014662854852595
-0.3972800192856727990062
0.5672967892179288919306
0.2327189343547341451599
-0.9723199660064031362901
-0.0208753754003129037002
-0.1612896361859731590040
0.3890726148527091828791
0.9069774824275803593122
-0.1876932467675862065143
0.3280558098228945929248
-0.9258242979957302922046
0.1623471502373029257158
0.2926054738901439705372
0.9423510171158891828895
-0.6640507928625372450644
-0.0443238739745205305450
-0.7463725200558541969167
-0.4541399441674545970317
0.8737406379324849393018
0.1741671861658087468925
-0.9946507247057025725656
-0.0822132659914878550772
-0.0625373067651105399710
-0.3852058171684312841164
0.0373608907961545140521
-0.9220740980303691987447
0.4603529051106005897614
0.8539379654777339194668
0.2426214208844282615127
-0.8415120218676442708321
0.4311038919623943446807
-0.3255870872548627584323
0.6477653949512884377601
0.1842164010200031471263
-0.7392322440876335902603
-0.5871618154277507219985
0.2249827120970030153992
0.7775755794526118264685
-0.0016859468482829120687
-0.9638619672687281198737
-0.2663968198685600815478
0.8905719826853478832671
0.4267068861146808849502
0.1574889742115338923644
0.5020152364477005668566
-0.8450746997486789065450
-0.1839278505801649593969
-0.3217527584426169914557
0.0919223747257222059811
0.9423510171158891828895
-0.3979154486374537856383
0.9034720506855321444743
-0.1593786352235867086966
0.2533136312587465866855
-0.7759526279421708312594
0.5776934510691174271935
0.5696659832827393623088
-0.1385436999866112797845
-0.8101149984320309836322
0.3687866300378012073844
-0.8868852687149094496484
0.2782641580258672085788
0.2123361826706818502826
0.8812650326904267643628
-0.4222384251651948777697
-0.5025159131883126448467
0.3311311416688614078146
-0.7986425508383538826125
0.0284910124585580500674
-0.3765372378876990873221
-0.9259632663842494982864
-0.0679808147811105603647
-0.0585892301347776288030
-0.9959648141043489719809
0.5247894153673218954531
0.7497105263974374963772
-0.4031503393615112219851
0.6029316801429412600533
0.1372346598121377513617
0.7859007807772281348589
-0.0786700752301390801042
-0.3252469520286598932340
0.9423510171158891828895
0.8295222180626283257348
-0.5535203579603418986517
-0.0742165956098248254857
-0.5757733380723964238598
-0.3717013491704769275545
-0.7282329093015620410076
0.6948043930906269349244
0.6308420483077643325279
0.3453768455308344757877
0.6854488421618629333949
-0.3907178271493197417558
-0.6144098504473018427201
-0.1578879285575048763991
0.7200576989131985006840
0.6757131878627572049313
0.2735237882271321481343
-0.8579966721065715389555
-0.4347717193285774531405
-0.5989564692291195762014
-0.7641685020110003366935
0.2393692722611875023233
-0.1540191983206482560318
0.9861246100600514062076
0.0619381948604928457564
-0.3246318162810961943516
-0.8845207461802131433399
-0.3350182583603997602131
0.9928287306466137536903
0.0676326630563617028580
0.0985745123778876357569
0.3920837101431021331223
0.3860986823246271570362
-0.8349839350236664944939
-0.8635957864755934458126
-0.1907946397039831641902
0.4666901788572676441562
-0.6729912075185657951434
-0.1004798301771416331662
0.7327937215412503024632
0.0426139842887347673578
-0.9313983451175629602318
0.3614985076806051604805
-0.7217857069810508481027
-0.5181117701398702102657
-0.4588960523260086844789
-0.6946676041022120990260
0.6608113532093132040150
0.2841923209387766409595
-0.7975124404564971412381
-0.6030923190911482878083
0.0159236293093840992393
-0.7628418740331478850232
0.2448933684660403994986
-0.5984141653595368427462
0.1379878669030039273029
0.8278242095399166853902
0.5437521739608688553373
-0.6191802672800727773790
-0.7498962303288442538434
-0.2329623152992058589849
-0.3896505528969468062303
0.7870535131234249875464
-0.4782459765718665716990
0.7040191631187466831543
0.3954319382565043172771
0.5899072809927706828736
-0.9306024771723199638311
-0.3276193668911472372142
0.1632316755981680109738
-0.0968139829966752058982
-0.9935993128163608426217
0.0582018751173447701963
-0.2921470112394832110230
-0.5403016347827652617615
0.7891288027153163124008
-0.5937476760591595876807
-0.4267540042799422810186
0.6821617967941200193387
-0.2996451288237820063887
-0.2909617921430999038594
-0.9086000397782594269041
-0.8265417367709021438974
0.5627267176513365792824
-0.0129382617493089670533
0.4473181256128942717900
0.6887678209572911798640
0.5705307908534926939688
-0.7639076238502019995205
-0.5082403402289013303140
0.3976643041405010408823
0.5629223003318766282804
-0.2072384324226913957601
0.8001066903332667807277
0.9600430664252161146177
-0.0202451023937003398203
-0.2791190542366046850990
-0.4489005636505057037546
-0.6818893948869086641231
-0.5775076944033073378437
0.9300354400065366046952
-0.1943988052497076512235
0.3118383954059122734564
-0.9672110380419789388741
0.0500806323097989094888
0.2489874257009945782716
-0.2976332915337920341434
-0.9008761556592758889529
0.3159692642256915433994
0.8114304391232941399655
-0.0729392801420994732430
-0.5798797322518958121915
-0.8852641554183719969111
0.3801744736956879741436
0.2679080899890915254063
