-8.643506667047617900e-01
5.383237842631424800e-02
-5.000000000000000000e-01
-5.299022434190759900e-01
7.798028605204248000e-01
3.333333333820566700e-01
-6.225653123557293200e-01
-7.080263559415142000e-01
3.333333333820566700e-01
-4.633153446832672500e-02
-7.439146082309695500e-01
-6.666666667641134600e-01
-1.814158190933165000e-20
-3.736015732192668700e-20
1.000000000000000000e+00
8.643506667047617900e-01
-5.383237842631424800e-02
-5.000000000000000000e-01
5.299022434190759900e-01
-7.798028605204248000e-01
3.333333333820566700e-01
6.225653123557293200e-01
7.080263559415142000e-01
3.333333333820566700e-01
4.633153446832672500e-02
7.439146082309695500e-01
-6.666666667641134600e-01
