-5.485991464446696700e-01
-7.159123678255767700e-01
4.318662502610688400e-01
-2.434647572620311000e-01
-2.207795683765215200e-01
9.444476132421624200e-01
7.018899339814117500e-01
-3.523502157541845100e-01
-6.190313772609180600e-01
-3.662105341142494300e-02
-4.925567825121879900e-01
-8.695094677162974500e-01
4.599138683936486700e-01
-8.815228800926094800e-01
-1.067550726308615500e-01
-5.376997117436382900e-01
4.566334011080387900e-01
7.087770855376981400e-01
4.013576614276062600e-01
9.151151678266946600e-01
-3.842209295292946200e-02
9.412318552593503800e-01
-3.166726560112941800e-01
1.174777578088465500e-01
-1.387594326840171400e-01
7.798964085893320700e-01
-6.103338526664496800e-01
5.155456278824741600e-01
-9.302028939510947900e-02
8.517980578353743200e-01
8.240817251527118300e-01
3.855254129740289200e-01
-4.150415234895598600e-01
-4.903494460243513800e-01
1.359802076048852200e-01
-8.608523705742722200e-01
-8.506827093997766400e-01
4.594480382098737300e-01
-2.554338037796756200e-01
-8.393643820785987600e-01
-3.748289336999151600e-01
-3.936631866954246600e-01
2.772975928893357000e-01
2.130793659841723500e-01
-9.368581689719973600e-01
-9.492566850197210500e-01
-6.390045320315335100e-02
3.079423290582215000e-01
1.953351167569739900e-01
7.072390807178254900e-01
6.794535119248003000e-01
2.033114135405882900e-01
-7.619101148765830000e-01
6.149450755741363600e-01
-3.576923698889399300e-01
9.262505905912825600e-01
1.188108242229386900e-01
-2.964097897488129400e-01
-9.150156665932582800e-01
-2.736559270872091500e-01
8.370277631100222500e-01
4.123728301640459700e-01
3.596292156173179800e-01
