7.321606316495981000e-01
-5.102019537758470900e-01
4.512591005462051100e-01
-4.489730059563147300e-01
3.988610564542009500e-01
7.995830773389277500e-01
-3.544084535329751200e-01
7.440948702489751400e-01
5.663192316472449600e-01
-3.956112764543611200e-01
7.165969063329026600e-02
-9.156181554996014600e-01
-4.749803473966126600e-01
-6.709927413158085500e-01
5.693526242044466600e-01
-6.196068993932178900e-01
-2.469075765979496500e-01
-7.450663989490133900e-01
-9.111332616488527800e-01
2.664459505191522100e-01
-3.143926445848706000e-01
7.225924575908906400e-01
-1.562244693439644200e-01
6.733899727579507600e-01
9.236277956156706500e-01
1.943145954779712500e-01
-3.303839178143657100e-01
8.896841890885932600e-01
1.427114595739457600e-01
4.336997613465408700e-01
4.617905675489088500e-01
8.556518395787104900e-01
-2.336865446456540000e-01
1.434867086665455500e-02
8.349547576377604200e-02
-9.964048480268155000e-01
-8.947591188998042000e-01
-1.362650715127891000e-01
-4.252504549453893800e-01
4.541749970592843200e-01
-4.647135872819290200e-01
7.601094354379244200e-01
6.196069361013857300e-01
2.469074968137473000e-01
7.450663948617082300e-01
4.541698773361989600e-01
8.266805044508727100e-01
3.321581943611700000e-01
6.896985736006549000e-01
2.910377287114948000e-01
-6.630331198663280700e-01
3.379043097829259000e-01
-7.547431113765311600e-01
-5.623019769303657700e-01
-2.870084782563637700e-01
7.902727417510848600e-01
-5.413826069003230300e-01
2.788387253995716600e-03
-6.284128676878469900e-01
-7.778749852134714300e-01
4.306546253788823800e-01
6.533293566231571600e-01
-6.226534713740429200e-01
-4.600297173938474000e-01
-9.575107306059718600e-03
8.878518887937415500e-01
-7.833397613450966400e-01
-5.299050756663490300e-01
3.249298833269234100e-01
9.645322760066790100e-01
-1.934155204487304500e-01
-1.796327503294501400e-01
5.614281310830869800e-01
-7.999161239656855700e-01
-2.119732253098637300e-01
5.606115681592498400e-01
-8.020382711969866700e-01
2.060322333553072400e-01
7.304917051086518000e-01
5.292179029203342200e-01
4.316367454191759000e-01
-6.661375525694409600e-01
5.388484208197544800e-01
-5.156579684605409100e-01
-8.285539877436755000e-01
5.592238143038390500e-01
-2.769503402270481400e-02
2.375379280538671100e-01
3.064759869652863800e-01
9.217636368123498500e-01
-4.042878158522869600e-01
-6.052090208946199200e-01
-6.857648306680381700e-01
-2.265860346910775800e-01
-3.105804601447257300e-01
-9.231460050605561100e-01
8.045512048342069500e-01
-1.173912636373785900e-01
-5.821654833648636200e-01
2.237723887986957400e-02
6.216214035538746300e-01
-7.829981416477463900e-01
5.299399058019167400e-01
-4.253542117449985400e-01
-7.336467070664508500e-01
1.845159910442517300e-01
9.814137867418405400e-01
5.273355897338048700e-02
-8.977614313617033900e-01
-4.355271792694609400e-01
-6.588238366188915700e-02
-5.094138462805823900e-01
-8.221929774817695600e-01
-2.539611013468119900e-01
-1.853313046663885300e-01
9.515839381346274900e-01
2.452352262519552600e-01
-9.217826377552418300e-01
-1.372866049620423700e-01
3.625867576608181600e-01
8.328368747050618500e-01
-5.534456294384120200e-01
8.981947841369086100e-03
3.197416831243049500e-01
3.451655874948492700e-01
-8.823978543050591300e-01
7.729274957589216100e-01
-4.923790451517765500e-01
-4.001824111517985300e-01
-1.914199429277911600e-01
-9.809219825664575700e-01
-3.391857260280337100e-02
3.061336869238906500e-01
-7.858944896662021200e-01
5.372634519885798300e-01
-6.995945268012498900e-01
5.216015458216017900e-01
4.883639272778555500e-01
-9.989251534089775800e-01
-3.117279383937024800e-02
-3.430444302271622900e-02
-3.260939518455870900e-01
-4.041491487656023700e-01
8.545912473936103600e-01
-7.316108406870195400e-01
-5.208471371720928600e-01
-4.398452426579919100e-01
8.383606704713840500e-02
-3.658712354450968700e-01
9.268817362187834500e-01
-5.497173535598398600e-01
8.067651146584782200e-01
-2.166584430970985600e-01
-5.708146253697145000e-01
7.961756939861410800e-01
2.006861424456585800e-01
-1.678007166926957500e-01
9.707054132099997000e-01
-1.719706958822386800e-01
9.413812000001049500e-01
3.311820069979611300e-01
6.418656033130983000e-02
1.907129853281422400e-01
-2.908921785570917100e-01
-9.375554904545847500e-01
5.067830398581549800e-01
-2.808684438684144100e-02
-8.616159699567533800e-01
4.061715123322649500e-01
6.060263297622067200e-01
6.839274743747835200e-01
1.771872109962546700e-01
-9.669649832237082700e-01
1.832577787668032700e-01
-6.865735184799243200e-02
5.713761759971902600e-01
8.178113679449857700e-01
7.243761010162020900e-01
6.879362078345866400e-01
4.497819723748026200e-02
9.458478260601702600e-01
-2.218239952444157900e-01
2.369936815002784100e-01
7.410935497093035200e-01
5.695225981011892100e-01
-3.555620351378018200e-01
3.908534484729430700e-01
-8.237237126652045800e-02
9.167597145756019000e-01
-7.244761540622883800e-01
1.554071604797962200e-01
-6.715526164543790300e-01
-6.832568779738466000e-01
-2.884707733918762700e-01
6.707791377198050200e-01
9.055028610074662700e-02
8.380445419971008800e-01
5.380353067559251500e-01
-5.379365089224722500e-01
-8.270669395562515500e-01
1.630478146476023200e-01
-9.305579817555224000e-01
2.657116640710358000e-01
2.519110044592931500e-01
1.147169587105036900e-01
8.775152423259090500e-01
-4.656254061688580000e-01
-3.677766279354162700e-01
4.726407967274720000e-01
-8.008439481030462700e-01
-5.796843949949293700e-02
2.084969650994112500e-02
9.981006713640849800e-01
-6.117249160487635300e-02
-6.960092919085622000e-01
7.154222472413011000e-01
-7.602254828340132600e-01
1.350546483230416800e-01
6.354663305133727600e-01
1.744370900832256100e-01
-9.563107815896447800e-01
-2.346090164906272600e-01
-1.565733651645071800e-01
-8.666910090344749400e-01
-4.736364388218727300e-01
-1.880499276700297000e-01
-9.067377429964728100e-01
3.774438900405718300e-01
