0.592679436252
-0.800074524412
0.092800006626
0.831811244117
-0.517624489389
0.200386980978
0.509043317857
-0.819915787399
-0.261940837058
0.782047307343
-0.604760319537
-0.150555521291
0.975229788803
-0.213142261334
0.059137428626
0.898781143163
-0.152794034431
0.410909284072
0.717037759121
-0.442429506869
0.538621372994
0.275706229751
-0.961186396955
0.010333691787
0.206581507334
-0.907898919396
0.364751467423
0.516803715402
-0.732360561821
0.443353050329
0.232831074053
-0.704028710706
0.670919716104
-0.110057099926
-0.839069280667
0.532775916308
0.636744709206
-0.581179593620
-0.506741013987
0.324531110459
-0.657963745974
-0.679531652926
0.910622921170
-0.293369635514
-0.291032906042
0.841482855239
0.092276948479
-0.532345347606
0.979074433185
0.052504539327
-0.196612633454
0.920142785201
0.386638183412
-0.062033619673
0.973507483586
0.127727205756
0.189654792483
0.720689074716
0.691828096681
-0.044510023907
0.805285991252
0.432591265590
-0.405437133510
0.843046863913
0.454033867083
0.288314468573
0.609117156844
0.733960734221
0.300462859368
0.446987765083
-0.430901800545
0.783916817114
0.129353146528
-0.332260008946
0.934275681980
0.393619867237
-0.081168092872
0.915682882234
-0.089418183949
-0.592183420595
0.800826563465
-0.320755464643
-0.324275271255
0.889922176572
0.179317284832
0.210818490934
0.960937498093
0.571419575315
0.212872509870
0.792568585984
0.826122266768
0.183509129075
0.532772371558
0.635216456468
0.505497047667
0.583928752701
0.307250714176
0.924697330804
0.224792893665
0.427491886725
0.896197856200
-0.118659552193
0.573911382916
0.714833798519
-0.399547700600
0.343570982656
0.761689386765
0.549352580740
-0.011731178629
0.590809901099
0.806725504873
0.340528205277
0.495496931753
0.799076549546
-0.012621242972
0.840973038507
0.540929803885
-0.334910910354
0.673741943883
0.658715777236
-0.193345817584
0.300843527481
0.933868602532
-0.082307706305
-0.041312772034
0.995750318277
-0.053386459926
0.977343070863
0.204817986839
0.056202317025
0.988029941422
-0.143659787050
-0.346906389908
0.937860976897
-0.008529047715
-0.368773129877
0.861984967914
0.347833715691
-0.631739299772
0.630691946625
0.450702923871
-0.512764563488
0.374616802128
0.772486086602
-0.784541463881
0.310558331471
0.536701233653
-0.723365548981
-0.014853694021
0.690305476091
-0.623719083752
-0.365994965860
0.690667929998
-0.408458937705
-0.655504514584
0.635196920308
-0.424554078483
-0.845470115965
0.323935359992
0.244150699325
0.867703757408
-0.432990329451
0.377710262522
0.616202957433
-0.691106990875
0.619209443460
0.342936440450
-0.706381103188
0.574897169709
-0.001675430428
-0.818223952957
-0.429207650876
0.024005915392
0.902886763916
-0.642348653394
0.758619961867
0.109013581448
-0.857597583501
0.467142959271
0.215183271603
-0.820030352267
0.555700849165
-0.136918908840
-0.563312570237
0.784505311082
-0.259288189274
-0.699956165297
0.528354555964
-0.480523495632
-0.949013229206
0.082094102563
0.304359079242
-0.970645433045
0.236438288567
-0.044095113202
-0.992210704791
-0.124401519801
0.006494549223
-0.862606852850
-0.244332350146
0.442957244086
-0.883821721868
-0.446457876067
0.139765978876
-0.845125037127
-0.486775531215
-0.220937216945
-0.232327745705
0.906075725848
-0.353624939173
-0.043753939995
0.770930502201
-0.635414631175
-0.397038663031
0.681538950304
-0.614707214271
-0.888085882676
0.225395680236
-0.400624827392
-0.602593441727
0.293260673957
-0.742212450109
-0.284594918573
0.431738684385
-0.855924903673
0.072581272787
0.506876649217
-0.858957520090
0.329712135838
0.252812483142
-0.909601976608
0.240842283669
-0.096731983293
-0.965731804284
-0.019378935755
0.176554953633
-0.984099997559
-0.367504715230
0.083305865442
-0.926283119282
-0.115352201231
-0.175549826082
-0.977689177721
-0.509869174347
-0.237717862533
-0.826754886822
0.115026212975
-0.444248233413
-0.888488872996
0.459790669296
-0.348054816783
-0.816976367432
-0.035425449989
-0.737910135756
-0.673968596480
-0.754339989022
-0.027294626986
-0.655916293669
-0.742273543760
-0.377477493034
-0.553661203704
-0.926118666278
-0.134793253744
-0.352327964710
-0.599294773560
-0.750156628826
-0.279483106129
-0.691196349253
-0.593052497168
0.412960461040
-0.671503913813
-0.736877638846
0.078063045694
-0.381868041983
-0.923223757467
-0.042833306682
-0.269920617970
-0.864292535340
-0.424430528297
-0.043548718589
-0.985340902175
-0.164944886583
0.189788890082
-0.884216954694
-0.426779280463
-0.485059013401
-0.631289724463
-0.605137205355
-0.243932280590
-0.487462159303
-0.838378008856
-0.108981232017
-0.974929689732
0.193997915318
0.747720940235
-0.250692300758
-0.614871340911
0.692935959045
-0.121434134034
0.710699308958
