7.801759359799586000e-01
-2.318900586203877800e-01
5.809926932680210500e-01
2.157196407601242900e-01
3.768554034686201800e-01
-9.008024430844016100e-01
5.637646158793483400e-01
6.248273764231296900e-01
-5.401483199590643200e-01
8.592727245771262200e-01
1.799428856287217100e-01
4.788224542660996500e-01
-6.354716300673554100e-01
-4.425545458025766400e-01
-6.327094762756547700e-01
4.479319917651460300e-01
8.703465046451450700e-01
-2.045822392224892800e-01
-2.424030239018353000e-01
2.855167963387113500e-01
9.272113745051475700e-01
-6.302892489309529500e-01
7.403043345409602300e-01
-2.338481450469969400e-01
-7.623296502774205800e-02
7.304209107250839200e-02
-9.944110759514067600e-01
3.658746944093290700e-01
-8.517513063552383200e-01
3.750405579574359000e-01
8.709840173855252200e-01
2.585152390304648100e-01
-4.177998475921130300e-01
6.032139366659673400e-01
2.533044142225207600e-01
-7.562868637939786900e-01
-6.271928954804549800e-01
1.943186081477711000e-01
7.542342808347789500e-01
-4.653465825071888000e-01
2.040717236638745200e-01
-8.612823519321265400e-01
7.774309631107090300e-01
-1.166196525023696100e-01
-6.180622575816954200e-01
-1.619526796378391300e-01
6.619122483606361100e-01
7.318767007005285700e-01
-1.821308294034501300e-01
5.282172759733655400e-01
-8.293460498152074300e-01
1.692482818239041100e-01
-6.815720421954235600e-01
-7.119091026228111500e-01
2.109470641941504100e-01
4.803240406923137100e-01
8.513460824135374900e-01
3.472929473011427500e-02
-3.404628614403152300e-01
-9.396163664322911800e-01
5.013731295574405700e-02
-7.555489072410500600e-01
6.531708035548076100e-01
-2.952510543763730000e-01
-5.362624329386908000e-01
7.907271450432926700e-01
-2.531373159907771000e-01
-6.041981758532641900e-01
-7.555567904192069800e-01
-3.099073220120581200e-01
7.977004987313409700e-01
-5.173310024414585800e-01
-8.827873094838465400e-01
-1.060813501111647500e-01
4.576388460050830300e-01
-3.039869684237331300e-01
9.515540029702550500e-01
-4.622664231622522500e-02
7.822392878086138500e-01
5.996881188433842400e-01
-1.687479088070596700e-01
-6.110992926298167700e-01
7.667660270720865200e-01
1.965388365576280200e-01
-4.647085001141380000e-01
-7.783850960672918900e-01
-4.220931794544673400e-01
7.431694595847968500e-01
-5.068459748829380300e-01
-4.368138185604998300e-01
1.651654217010318800e-01
8.412600743618508000e-01
5.147833240879251500e-01
-2.998993792929479700e-01
-9.518961731445988500e-01
-6.288114067327890700e-02
1.023171333318910600e-01
-4.099066861961118100e-01
9.063706266414784900e-01
7.964736351908784400e-01
5.462441155031790800e-01
2.593204865103744300e-01
-6.230944597459159300e-01
5.060991904202288800e-01
-5.963362337557010000e-01
9.693204282371149500e-01
-1.352495298802136300e-01
2.052449075358443700e-01
-7.599285702697278200e-01
-2.959501434670653100e-02
-6.493325058963441700e-01
4.863414046192312500e-01
8.444226044044157400e-01
2.245495564989094800e-01
5.656502766896546200e-01
2.357650408567262300e-01
7.902244048311489700e-01
-8.936604371739537100e-01
2.641580243978415800e-01
-3.627555115725844500e-01
9.451231942514361200e-02
9.888168637877694500e-01
1.153630415939152900e-01
-3.807348339027333800e-01
-2.175199259898885900e-01
-8.987358166059764600e-01
-7.921278797907607100e-01
-5.579548219046205300e-01
-2.474264310286541100e-01
7.160115558386338500e-01
-5.975801891781387100e-01
3.608675233480549400e-01
4.361402188340959300e-01
-8.075893015766054700e-01
-3.969650230112945500e-01
-7.286565669259923400e-01
-5.132784156124053900e-01
4.534367381918297200e-01
-2.403452220599278100e-01
8.945455317061908900e-01
3.768586816532856200e-01
-9.940301269816287400e-01
7.306275619690845400e-02
8.103049000097629900e-02
-8.760962584007533400e-01
4.820440943229021300e-01
9.425345861744777900e-03
-9.295415692066558700e-01
-3.529475595891896600e-01
1.066793855290857800e-01
9.693495459317342800e-01
2.456751788541436700e-01
2.272508949438545100e-03
-5.606881221181795300e-01
5.858451498550906200e-01
5.851617640506393500e-01
-3.998927594463767600e-01
-7.928764594564684500e-01
4.598181172834945300e-01
4.417011288516589100e-01
-5.698307008227059300e-01
6.929596562362588800e-01
-2.336991572273746400e-01
-1.446585220255558500e-01
9.614877097064719000e-01
1.351989695489566600e-01
7.788531407044324600e-02
9.877525583287794000e-01
1.985560207628747600e-01
-9.772701946488446800e-01
-7.428642722477837900e-02
3.715446179102022100e-02
9.497972237190880400e-01
-3.106521845803316700e-01
3.394690166156790800e-01
-3.479146355709514900e-02
-9.399735851722319500e-01
-5.266390309047371700e-02
-9.068569348186195100e-01
-4.181351612608719100e-01
4.631833948568865900e-01
-1.761351867001784100e-01
8.685836394584823800e-01
-9.467366171915817500e-01
-1.564096204325038900e-01
-2.814707947635077300e-01
4.924015240891785300e-01
-4.018301220766714000e-01
-7.720578294833241300e-01
-6.045024779231548100e-01
-2.366635183410988600e-01
7.606360057683163600e-01
8.730390442578227500e-01
-4.869742838028816000e-01
-2.566854331780429500e-02
5.253465125512193400e-01
6.149810626975379400e-01
5.880555537308346200e-01
9.660254423548719800e-01
-1.182242643811630400e-01
-2.298213828924692000e-01
-4.228687632678320600e-02
-9.580739668479967300e-01
2.833832989762578600e-01
-8.535974950388642800e-01
3.218690995841090300e-01
4.095993154245875500e-01
1.636063674169487300e-01
7.321044471055371300e-01
-6.612533818960219000e-01
5.876307529611218800e-01
-8.090971826142713300e-01
7.200504148560428600e-03
-6.453534673868639400e-01
-7.564009197145240600e-01
1.066609149912661800e-01
