-3.066695017033964600e-01
-9.499287238819843500e-01
5.991023509330784000e-02
-5.865625512858269100e-01
-7.357529177233643700e-01
-3.385439668501245000e-01
-6.896869925122757200e-01
1.909004846244264100e-01
6.984904131980131900e-01
4.278271146761725200e-01
-7.857558245132431100e-01
-4.467121491423468600e-01
1.522333582183684200e-01
9.881512151953477700e-01
1.954943870077670300e-02
2.205336797119155900e-01
-9.753725134173196800e-01
3.654611156165601600e-03
4.682518936716621400e-01
-4.914039364755371500e-01
7.343448340454562500e-01
9.287660497739351800e-01
2.312680819882885800e-01
2.896699829819765500e-01
4.884201412129727800e-01
8.010262661920428700e-01
-3.461252468802795100e-01
1.513761727740362000e-01
7.661313683948548500e-01
6.246022579832004600e-01
7.780403257544164000e-01
1.601560790570772100e-01
-6.074564032430843600e-01
6.071312321371026300e-01
4.940329637557591700e-01
6.223528723211492200e-01
6.100122517897101900e-01
-7.388648963730385400e-01
2.862930623925529200e-01
-3.168015364082773000e-01
-5.641844249516226900e-01
-7.624517828501431400e-01
-5.224910940644808000e-01
-3.031761357703091100e-01
7.969236395807850500e-01
-8.959737224841994900e-01
1.740941836523471300e-01
-4.085612608119248400e-01
-2.307297564784014700e-01
1.062589520021020600e-01
9.671984359968912600e-01
-3.279880259000993400e-01
9.238560879218756800e-01
-1.972657691436695300e-01
9.070439813414361600e-01
-2.990627065009315900e-01
2.963658440046934000e-01
-8.947591285894576600e-02
-9.021400416265177300e-01
-4.220632728776140800e-01
6.766537798317285900e-01
-3.597004102148337900e-01
-6.424603311728397400e-01
8.152577746171315600e-01
-5.544476848385011500e-01
-1.671601797784048000e-01
2.052077897776390700e-01
-5.050232548079099900e-01
-8.383562936590869300e-01
-1.045683810820847400e-01
4.054769342817635100e-01
-9.081045696632817900e-01
-7.646139380498313500e-01
6.243194569431600400e-01
-1.599710643276661700e-01
-3.783148257314837300e-01
-7.478707134675466300e-01
5.454972855746395000e-01
-2.690083530910149500e-01
9.043097379877939000e-01
3.314489459143103400e-01
1.421645486561951300e-01
-8.467501047698829900e-01
5.126436395563419600e-01
-5.581257606408257500e-01
1.452239050842812900e-01
-8.169489902687752100e-01
-9.589333896214875500e-01
-2.609799207655190700e-01
-1.110686059436593700e-01
-7.061578327001112300e-01
6.053569500160000900e-01
3.672656781998661600e-01
-1.293666556000845900e-01
-1.194822402848297000e-01
-9.843720143702621200e-01
2.897556391184891700e-01
2.052666197351810900e-01
9.348300831817130100e-01
-9.688807547283914100e-01
2.190341914791974800e-01
1.153000697311019200e-01
9.846734305799586000e-01
-5.140358968921215200e-02
-1.666610514696181000e-01
-3.300724951480170100e-01
5.784289671823426000e-01
7.459705609949570700e-01
6.129413245210887400e-01
7.716325461392236100e-01
1.699592493306340000e-01
-7.454680066324508300e-01
-2.993409503896015700e-01
-5.955438241702205600e-01
1.502530936556766500e-02
8.101266658879368000e-01
-5.860623049606280600e-01
8.659330558536225700e-01
4.657115113738926600e-01
-1.824081438802880000e-01
7.107390167455629500e-01
-2.025317796040724700e-02
7.031641763187702600e-01
-7.363415886624246100e-01
-6.563188117383508300e-01
1.644587552076697800e-01
4.002981770265286500e-01
4.952968572707388600e-01
-7.710009031427702600e-01
3.872101365226478000e-01
-1.344217604716808900e-02
-9.218934960597290300e-01
-4.830588306013017300e-01
6.281992302433931900e-01
-6.099343352359427600e-01
-1.293189607957486100e-02
-3.760919212518548100e-01
9.264921115869664300e-01
-8.854127998252000500e-01
-2.119814070199311000e-01
4.136520965540371700e-01
