0.0000000000000
0.0000000000000
1.0000000000000
0.3438453505116
0.0000000000000
0.9390262908628
0.8625256757265
0.0925922460753
0.4974697324252
0.3385483311512
-0.0525099350821
-0.9394826949936
-0.6300490477428
0.7275443636516
-0.2715094774721
-0.7058342681990
0.6338857006098
0.3162070593747
-0.3462390381385
0.0023620985374
-0.9381433520307
-0.2650040571871
-0.9197109815056
0.2896628387841
0.2002020944518
0.2681136497188
-0.9423556612084
-0.6066942487456
0.5342295272326
-0.5886602592088
0.2627207648644
-0.9508066056901
-0.1641480986337
-0.8618274633752
0.0845464356371
0.5001053125025
-0.5041989788969
0.2880494435392
-0.8141319965191
0.6009029744987
-0.5357222765097
0.5932261438018
0.0679230651801
-0.9161698052950
0.3949928418113
0.7814342879290
0.6210501182569
0.0604748233724
0.1490203985230
0.5343335617799
0.8320339930434
-0.9396857729295
-0.3377691691934
0.0538761217640
-0.7783715763255
-0.6246501984826
-0.0628475831220
-0.2559619916573
0.9546873281919
0.1518405881726
0.1250180229843
-0.3288081138349
-0.9360853156659
0.5245786024984
0.2189790046951
-0.8227183511407
-0.7194552976960
0.3954407809353
0.5709734349253
0.1793036499617
-0.6252014971516
-0.7595875782751
0.5702986270455
-0.8189076234729
-0.0644187876941
0.3895421228324
0.5329668157528
-0.7511346802309
0.1099221685486
0.7923895223223
0.6000299673978
-0.1098663935280
0.3258205037157
0.9390262908628
-0.0653478246227
0.9118186985312
-0.4053594982554
-0.8800328687886
-0.3777178711376
-0.2878738607011
0.5144854290921
0.7123321028311
-0.4773758671405
-0.4329887848152
-0.3219349855822
-0.8419492723926
-0.6349897762537
0.1167156541394
0.7636526960157
0.0065676325051
0.9972013482844
-0.0744737348542
-0.0642445944146
-0.9558681747656
-0.2866856546093
-0.6665692656786
-0.6330789053584
-0.3935689439513
0.9602892504474
-0.2693760892754
0.0726710258758
0.2983465039337
-0.5725324999537
0.7636726393471
-0.8981773223458
0.3458921453409
0.2713597638101
-0.9607787342724
0.2699047216114
-0.0636841033686
0.4283092503271
0.3249982920023
0.8431650468798
0.0461757666954
0.5596833534205
-0.8274190851522
0.6824134565395
0.4284964740051
-0.5922015249043
-0.3395295683008
0.0543074333576
0.9390262908628
-0.1554496677155
0.2984567821509
-0.9416787934297
-0.1479820202364
-0.5237011166446
-0.8389508103053
0.7771419648272
0.5617808964912
-0.2836416592146
0.4962709159575
-0.2900586956449
0.8182793722534
-0.0442490963547
-0.5568063294359
0.8294629159715
0.6670514256228
0.6346925828546
0.3901380792027
-0.8130377781413
0.5820856250755
-0.0120787580239
0.9420482894011
0.3316126229681
-0.0507748828132
0.6409600387591
0.0590664237163
0.7652982335686
-0.3735496006476
0.7795884667649
-0.5026952539494
-0.5343827693218
-0.2132588756451
0.8178971254446
0.6918151380330
0.3719929630201
0.6188804813952
-0.6434248959732
-0.0539031496485
-0.7636090974444
-0.8294385420521
0.4477470957660
-0.3339973700370
0.4772670430159
-0.6595160436395
-0.5807363927230
-0.3240530694362
-0.9445179562452
-0.0536231155326
-0.4284297490587
0.3938891178965
0.8132031191063
-0.4829761321348
0.6520406946435
0.5844458814269
0.3747011861452
-0.7833464221479
0.4959510096870
0.5709378174156
0.8078594273805
-0.1462639881761
0.8911945875952
0.2411541676699
-0.3842094148462
0.2714842956396
0.9183721881264
-0.2879041529695
-0.2979764119619
0.5661547014863
-0.7685563817309
0.9855453972290
-0.0168132904784
-0.1685751561294
0.0010157466010
-0.9980644080809
0.0621804276357
-0.5711221206737
-0.8068233933768
0.1511804722083
0.8265649213366
-0.4471056801619
0.3418873229337
0.9018344401947
-0.3421861242868
-0.2638243711720
0.3411796910406
-0.9230553088813
0.1776663028473
0.3833444482502
0.8382898852164
0.3877074958518
-0.6795112924430
-0.4351810191201
0.5906622419285
0.6322345293725
-0.7273755705241
0.2668412997904
-0.3370950494704
0.9228502172280
-0.1863180189480
-0.2137854355697
0.8495882823638
0.4821779111577
-0.0027694694931
-0.0101550631061
-0.9999446008315
-0.8683195742703
-0.0914351647487
-0.4875045923747
-0.2119408069650
-0.2707595232146
0.9390262908628
-0.3857016915320
-0.8402174627704
-0.3811414703296
0.9831420256133
0.0649476414362
0.1709197511839
0.8620829759048
-0.0872951800179
-0.4991918410799
-0.7805157671245
-0.5588709886753
0.2801041864861
0.8798512157753
0.3765939777543
0.2898944877330
0.3243629433264
0.9440179927688
0.0601557173118
0.7105865546024
-0.3951898740633
-0.5821440645202
-0.6964107160571
-0.3664112984959
-0.6170533809123
-0.9850617526600
-0.0650389470197
-0.1594467899239
0.1973264491320
-0.8482356088511
-0.4914861385125
0.1665164756367
-0.3008353177569
0.9390262908628
0.4421447067282
-0.3945688046732
-0.8054958204056
0.7643926715171
-0.2251032804586
0.6041790768122
-0.8892220569069
-0.2445685434767
0.3866139690335
-0.1257680006729
-0.7842754849104
-0.6075313767825
0.1933624370228
0.7778857550024
-0.5979169842987
-0.5654282422462
0.8227414734614
0.0582011229872
-0.5040136556056
-0.7167955609948
0.4818447454329
-0.1810950216230
-0.7802800838001
0.5986381076813
-0.7701682633620
0.2254151705163
-0.5966815289676
0.7090570339521
-0.6275935988416
-0.3215033394789
0.6357833554288
-0.1068792882058
-0.7644320393026
-0.9836024369200
0.0200667843606
0.1792304947561
0.8145399181081
-0.5800525910992
0.0079820653682
0.0638509544962
0.9539551206440
0.2930745355828
-0.3854549240048
-0.5244709771066
0.7591802788095
-0.1774907840056
0.6324618180200
0.7539821419238
-0.4323783244238
-0.6190084361341
-0.6556504713361
0.4377387029316
0.6178875499446
0.6531460813472
