0.000000000000000
0.000000000000000
1.000000000000000
0.341732735716348
0.000000000000000
0.939797178831593
-0.206244903588917
-0.314916633419427
-0.926439719430991
-0.342457223770195
-0.888120708876713
0.306536549781483
-0.025820958892560
-0.595190492522191
-0.803169692962241
0.518654753400655
-0.697845744222355
0.493972230034901
0.315408849982149
0.009881304382607
-0.948904429948895
0.774049567858642
0.179448382350260
0.607161876742706
-0.669459607322089
0.383256943290295
-0.636347349789353
0.177098181274970
-0.305423498687612
0.935602864808844
-0.959649256691839
-0.107554639735847
-0.259817827721834
-0.021110273955302
0.953143891991886
-0.301779849380459
-0.809109481889418
0.482990341084280
-0.334756891991680
-0.625474843957079
-0.509032701756018
0.591326414190873
0.845866743779221
-0.533390084931362
-0.002114016379296
0.600277883763522
0.539921344054886
-0.590043561526055
0.618058636070041
-0.035430837498147
-0.785333163780456
0.316173236013633
-0.541801850007411
-0.778771622593693
-0.864497632944604
0.141013854074113
-0.482450967034310
-0.361429463484757
0.890920697565417
-0.275007370037007
-0.527842740640603
0.679932474537972
0.508992997222641
0.935424376901273
0.352331700344614
-0.029044931246919
-0.199904820655596
0.298983344338890
-0.933084681305286
0.999839928851191
0.011721699214482
-0.013517338583103
-0.178090818476614
-0.983878542876334
0.016330132941016
-0.341683366887619
0.005808567165940
0.939797178831592
-0.000872449926445
-0.948045758828878
0.318132799311392
0.512092602096696
0.274782770317276
0.813790879780917
0.342633154866876
-0.891071830743435
-0.297646625449567
0.760565344384494
0.649138844799733
0.012614162412321
-0.656113314200371
-0.505113010085932
-0.560692577060669
0.151148501656292
0.803589314440398
0.575672080410600
-0.951124931504071
-0.307922049779537
0.023353285228080
-0.027829701760766
0.005092977907926
-0.999599704519732
-0.806322495621473
-0.192317538811468
-0.559337105259662
-0.632925963712167
0.390311588596709
0.668626643401336
0.849894196215467
-0.143973277654433
0.506903886906291
0.608546018178447
-0.371882812796300
-0.700981395834347
0.641466335502522
-0.737669700377174
-0.210628472819837
0.339976805325106
-0.899293020711136
0.275114221263050
-0.853551498766833
-0.437076356964087
-0.283573794868100
-0.367528232301699
-0.007702061347340
-0.929980471145599
-0.543181799309395
0.684351182191481
-0.486432926858504
0.934104628829951
0.104875472240771
-0.341247238407484
-0.181329127133404
-0.800764893409925
-0.570872431577519
-0.169759058507662
-0.296585779690754
0.939797178831592
-0.364011074217331
0.887067157589400
0.283915120719922
0.493563310091015
0.869658584485353
-0.009444859074257
0.166642638388143
0.985946545367384
-0.011816968695886
0.354261366108908
-0.546031861818960
0.759175928465313
0.756756813851180
0.230958520301177
-0.611536823576554
-0.638089566770935
-0.706442228142437
0.306236972090619
0.124105826556250
0.804768730262977
-0.580469667257218
-0.948992689890431
-0.098038857213876
0.299668578617647
0.000961006837963
-0.948930233997561
-0.315484528101129
-0.789017909526068
-0.614322274543832
0.007673424685725
-0.652744385272808
0.740068252032083
-0.161937487411041
0.838777459174545
0.459322722353850
0.292361096437509
0.628180322360705
-0.766278921864568
0.134929968890816
0.650415815704424
-0.411269485985589
0.638605258809147
-0.841854131334901
-0.426631191402213
0.330556270666718
-0.340280677745555
-0.898220388415501
-0.278225078286864
-0.547393019329654
-0.270403428930176
-0.791986658986102
0.940310421668680
-0.269937049872582
-0.207244541562274
-0.159277160911783
-0.794517050997904
0.585980751975247
-0.195747191348971
0.795632939368449
0.573281137724687
-0.380574144344381
0.535122966544847
-0.754192768019414
-0.023933303034982
0.949174732268780
0.313838373415880
0.488448159646080
0.283984686666286
-0.825088536508301
0.146768746978712
0.312957107744504
-0.938358558133560
0.343558863002166
0.570436716987441
0.746035695905531
0.767929365683597
-0.487641253584056
-0.415319752869712
-0.638390539297463
0.057758677692071
0.767542477317547
0.139591113375172
-0.293997951377563
-0.945557785464472
-0.955030409729066
0.230101091213149
0.187003754815916
0.013451202988434
-0.590320939401072
0.807056536831714
-0.784141836252382
-0.200464535052839
0.587312140879781
-0.657912982092817
0.055958433113602
-0.751012091618508
0.827088496188773
0.442960789731585
-0.345991847060830
0.630726403516309
-0.090986145098076
0.770652791669228
0.641312478304531
0.499120914918081
0.582749189156225
0.319014186551863
0.902732976646465
0.288622801687023
-0.846105895236176
0.159096659871892
0.508717079391086
-0.328981888610521
-0.551582127177624
0.766503799041115
-0.523543334922195
-0.851903417810979
0.012764919918216
0.945632991810785
-0.260692447438171
0.194467716209351
-0.160458163627222
0.301719141563077
0.939797178831592
-0.222398188142963
0.787003510638330
-0.575468956724575
-0.365750912547306
-0.561806162337227
-0.742024329743122
-0.042281165299566
0.595689111315819
-0.802101480936596
0.504667156278232
-0.685203134121893
-0.525173996275118
0.320921287613817
0.895156260165329
-0.309361919187076
0.778526365195845
-0.528661282106959
0.338251308195508
-0.657413941478406
0.730493718575075
0.184894122870864
0.167625679642714
-0.985760024690178
-0.013371807923315
-0.961210852052899
0.224738325462952
-0.159894912251291
0.003476334019695
0.580569189731586
0.814203494856288
-0.796244221029366
0.475157612173233
0.374460123472674
-0.635883709747224
-0.716677917530882
-0.286399494066777
0.830795562070987
-0.166613250396610
-0.531054384065728
0.613899337827379
0.722294604102903
0.318462098057111
0.622563001493887
0.724099811139426
-0.296807635816145
0.301685698285491
0.570030097726200
-0.764232573982721
-0.859433890188355
0.511193203050076
0.007409288165149
-0.338461947762972
0.545436045690927
0.766774432266453
-0.518413670909273
-0.264624131091212
0.813155172804424
0.942605972641419
0.128602232103562
0.308148415927628
-0.179897808423343
0.983668236826863
0.005794685704088
0.192211631988700
-0.797338973395900
0.572105977972800
0.186362326736103
0.310177230587405
0.932233430423214
0.166748778329603
-0.790835191999214
-0.588875660917610
