-8.718115323650567100e-01
-4.828773482302803300e-01
-8.230503387633343600e-02
-2.962063197575558500e-01
-3.849937748053174300e-01
-8.740947371405671800e-01
-2.491225356210291000e-01
8.641631428504039600e-01
-4.372185091972451400e-01
-8.554984884580723000e-01
2.043933546240269700e-01
4.757580191983005200e-01
-7.126275767418598400e-01
2.474489187872348400e-02
7.011060028219234800e-01
6.489065936223049600e-01
7.265899312415827800e-01
-2.258036859128942900e-01
4.752877126774930300e-01
-8.623269585337726100e-01
-1.746247598815536300e-01
-6.353630362426134800e-01
3.417479820090281700e-01
6.924753634385302200e-01
4.968864413914929600e-01
6.236058164572730900e-01
-6.035061309066845900e-01
9.840128107727249600e-01
1.124009769213195500e-01
1.381477782025267700e-01
3.786346122451937400e-01
8.373762259359657200e-01
-3.942548498714638100e-01
-7.515643888391924100e-03
-2.735200878109074800e-01
-9.618369283100209900e-01
-3.320153738480557300e-02
-5.636532989451332700e-01
-8.253439383090868100e-01
8.718114345353097400e-01
-4.828775176996097400e-01
8.230507586867658000e-02
2.962062417587921800e-01
-3.849937588022890300e-01
8.740947706206787500e-01
2.491227106982955300e-01
8.641631304005053000e-01
4.372184340472536900e-01
8.554985298676272000e-01
2.043931399289715400e-01
-4.757580369728968100e-01
7.126275817550918900e-01
2.474468653208102000e-02
-7.011060049737978300e-01
-6.489064464170065700e-01
7.265900823449067400e-01
2.258036227266387600e-01
-4.752878873827434700e-01
-8.623268470558156400e-01
1.746248348718612300e-01
6.353631054798711800e-01
3.417477930665227000e-01
-6.924753931578617700e-01
-4.968863150505158400e-01
6.236059696077395100e-01
6.035060766762092600e-01
-9.840127880005522500e-01
1.124011642661153400e-01
-1.381477879772314300e-01
-3.786344425948764400e-01
8.373763369318412100e-01
3.942547770509303700e-01
7.515588473922063200e-03
-2.735200056895792900e-01
9.618369520960728900e-01
3.320142319007889100e-02
-5.636532338974995500e-01
8.253439873259174100e-01
-1.898392641236882900e-01
-9.783593026327509500e-01
8.230509552229407800e-02
-2.746180977207177700e-01
-4.006784658085352200e-01
8.740947702861360200e-01
8.988511089815424100e-01
3.011132823496366600e-02
4.372184714700166900e-01
4.587530322669192100e-01
-7.504665112281451200e-01
-4.757579961608247000e-01
2.437476586483884000e-01
-6.701025965381580700e-01
-7.011059755958777300e-01
4.905051031716777800e-01
8.416753941215047200e-01
2.258036197516582700e-01
-9.669936089267019400e-01
1.855519969163286800e-01
1.746247884330157100e-01
5.213594922057289700e-01
-4.986603654649935900e-01
-6.924753568187850300e-01
4.395381796734889600e-01
6.652718272992762500e-01
6.035060765321239600e-01
-1.971768085771404000e-01
9.705856401747865500e-01
-1.381478238910539800e-01
6.793877276240417600e-01
6.188662839006284800e-01
3.942547884361932200e-01
-2.578105801456204200e-01
-9.167005218227157500e-02
9.618369437164900900e-01
-5.258063121721300300e-01
-2.057548346844084400e-01
8.253439707685132900e-01
1.898390659105626000e-01
-9.783593482511584400e-01
-8.230501044148955100e-02
2.746180165442606600e-01
-4.006785974591309300e-01
-8.740947354420344200e-01
-8.988511028810486400e-01
3.011147231821018800e-02
-4.372184740885865500e-01
-4.587531843095233900e-01
-7.504663769127051200e-01
4.757580614234404000e-01
-2.437477944094688700e-01
-6.701024861853878100e-01
7.011060338698288400e-01
-4.905049326503628800e-01
8.416754738600771300e-01
-2.258036929460578200e-01
9.669936465190460700e-01
1.855517858200145000e-01
-1.746248045691158300e-01
-5.213595932330413700e-01
-4.986601996193145100e-01
6.924754001836477300e-01
-4.395380448910952700e-01
6.652718638660437600e-01
-6.035061343859842200e-01
1.971770052153341800e-01
9.705856122409529700e-01
1.381477394862715100e-01
-6.793876022432870900e-01
6.188663872573739700e-01
-3.942548422545034700e-01
2.578105615734861400e-01
-9.167018805801403800e-02
-9.618369357446053800e-01
5.258062704867024800e-01
-2.057550129856032300e-01
-8.253439528755021100e-01
-7.286482244937412300e-01
6.799247297017342300e-01
-8.230508418161108800e-02
-4.576835876857740500e-01
1.627393066481661600e-01
-8.740947612443130700e-01
7.448849095797053200e-01
5.039706955159112300e-01
-4.372184917654363100e-01
-6.997396005258044200e-02
8.767884457331562900e-01
4.757579913605192700e-01
-1.966802710629192700e-01
6.853957125436812600e-01
7.011059750147306000e-01
8.915512635885731700e-01
-3.926182140378206000e-01
-2.258036368160859200e-01
-6.732496852194037600e-01
-7.184991661023716300e-01
-1.746247681807209200e-01
1.286836399355705000e-01
7.098721096982705300e-01
6.924753487926188500e-01
7.466307557052686000e-01
-2.798623099778654900e-01
-6.035060911779042100e-01
4.109763568675420800e-01
-9.011179798336160800e-01
1.381478212512438100e-01
9.133966628982276300e-01
-1.013394419485183100e-01
-3.942548081025068500e-01
-2.624554825767409500e-01
-7.737458061154613200e-02
-9.618369372926979200e-01
-5.463259470380645900e-01
-1.426019332282261500e-01
-8.253439575307585100e-01
-9.891385523655729100e-01
-1.217817795913828700e-01
8.230505685372330200e-02
-4.659295622272112700e-01
1.373609008966073800e-01
8.740947465507568100e-01
3.063978244018247300e-01
-8.455532798325344800e-01
4.372185084900597800e-01
-5.719735623137381900e-01
-6.682069798747121100e-01
-4.757580015731197000e-01
-5.619832423067360200e-01
-4.388909092715210800e-01
-7.011059870841399600e-01
9.520552712766672300e-01
-2.064060677148628900e-01
2.258036661456123700e-01
-1.223470302676395600e-01
9.770042983236870700e-01
1.746247555237496500e-01
-3.131452172351411000e-01
-6.499368893770217600e-01
-6.924753517271767800e-01
7.685358479567422400e-01
-2.124453323144912500e-01
6.035061152823529800e-01
8.621508188466336900e-01
4.874537420532091800e-01
-1.381478009973464700e-01
7.985191488358160900e-01
-4.548959152992282900e-01
3.942548353369948500e-01
-1.668512920303562000e-01
2.168648554870230800e-01
9.618369304629519300e-01
-3.581675976428910800e-01
4.364898023076510500e-01
8.253439431413718300e-01
7.286483622447581500e-01
6.799245892369052400e-01
8.230502505350190100e-02
4.576836206563443800e-01
1.627392899362972400e-01
8.740947470920583700e-01
-7.448848074764974300e-01
5.039708844494149600e-01
4.372184479387574700e-01
6.997413768769700200e-02
8.767883901833705100e-01
-4.757580676084398600e-01
1.966804099223472800e-01
6.853956117266446500e-01
-7.011060346186132100e-01
-8.915513431320103400e-01
-3.926180137752770500e-01
2.258036709592315400e-01
6.732495396532771600e-01
-7.184992873151903000e-01
1.746248306633799700e-01
-1.286834961172795300e-01
7.098720755496820100e-01
-6.924754105250386900e-01
-7.466308124046444600e-01
-2.798621062298141100e-01
6.035061155154876100e-01
-4.109765394317592700e-01
-9.011179085845360000e-01
-1.381477428875608800e-01
-9.133966834293201200e-01
-1.013392226111841800e-01
3.942548169152526000e-01
2.624554669008494200e-01
-7.737455014038915900e-02
9.618369440214019600e-01
5.463259181472692700e-01
-1.426019721383090000e-01
8.253439699318148000e-01
9.891385276928713600e-01
-1.217819871458226300e-01
-8.230504626323739700e-02
4.659295900561649700e-01
1.373607304867813000e-01
-8.740947584960292400e-01
-3.063979957087788500e-01
-8.455532557788073600e-01
-4.372184349584335400e-01
5.719734269366858500e-01
-6.682070543818753300e-01
4.757580596822309500e-01
5.619831533885419900e-01
-4.388909621577992700e-01
7.011060252512967300e-01
-9.520553130939971600e-01
-2.064058944673716500e-01
-2.258036481959833100e-01
1.223472282062359900e-01
9.770042583506176600e-01
-1.746248404867157000e-01
3.131450855595704900e-01
-6.499368925998834100e-01
6.924754082474677800e-01
-7.685358909976191000e-01
-2.124452290936102400e-01
-6.035060968075297600e-01
-8.621507200897193800e-01
4.874539287364840800e-01
1.381477586070266100e-01
-7.985192409965654600e-01
-4.548957878067361700e-01
-3.942547957780065400e-01
1.668513359666156900e-01
2.168647380393957100e-01
-9.618369493221081700e-01
3.581676860746064200e-01
4.364896579696225200e-01
-8.253439810997135200e-01
4.214821639882161400e-01
9.030939360318454000e-01
-8.230509183713877200e-02
1.334230862593027400e-02
4.855721450953201500e-01
-8.740947744427144400e-01
7.094867285241878200e-01
-5.526921499600053700e-01
-4.372184458833277000e-01
8.122522016472940600e-01
3.374917343704491000e-01
4.757580163809642100e-01
5.910724825829890600e-01
3.988529963460253300e-01
7.011059888768456100e-01
-9.789760945593997700e-02
-9.692413456877274600e-01
-2.258036135057530400e-01
-8.913789006284950100e-01
4.182700425008859500e-01
-1.746248179974505000e-01
7.148938978146449600e-01
9.697715106078549900e-02
6.924753764860650500e-01
-3.544325583436969800e-02
-7.965702724581981100e-01
-6.035060701034675700e-01
-7.300154539959637900e-01
-6.693225080308675700e-01
1.381478091405584400e-01
1.858755716069149200e-01
-9.000074691517795400e-01
-3.942547746709118000e-01
-1.546907625106778200e-01
2.256999093311390100e-01
-9.618369502788821600e-01
-3.044464647894952200e-01
4.755204077539147400e-01
-8.253439839768200700e-01
-4.214819810236589700e-01
9.030940285805201300e-01
8.230501330161446600e-02
-1.334221025023322800e-02
4.855722238121002500e-01
8.740947322160284000e-01
-7.094868404982015400e-01
-5.526919681980619900e-01
4.372184939469417900e-01
-8.122521332723097200e-01
3.374918575574638000e-01
-4.757580457301745500e-01
-5.910724017763745500e-01
3.988530551257106200e-01
-7.011060235621964200e-01
9.789741309009390700e-02
-9.692413458850118700e-01
2.258036977936332100e-01
8.913789853689312300e-01
4.182698770956164700e-01
1.746247816235503600e-01
-7.148938781673109800e-01
9.697723567692508000e-02
-6.924753849194672500e-01
3.544309445125117000e-02
-7.965702271563531700e-01
6.035061393753966600e-01
7.300153183928997900e-01
-6.693226679438479800e-01
-1.381477509344342400e-01
-1.858757539461452800e-01
-9.000073972083626500e-01
3.942548529380214300e-01
1.546908082369140600e-01
2.256999616351499600e-01
9.618369306513980800e-01
3.044465611287285300e-01
4.755204178479906500e-01
8.253439426242636900e-01
