3.560711865917602900e-01
-8.918178636101442600e-01
2.790595066020398800e-01
-6.785780094635873700e-02
-8.295858002534806100e-01
-5.542406687248029300e-01
4.523140277776459600e-01
-5.069889885670967300e-01
-7.337398624494074800e-01
4.348585420045826300e-01
-5.542850381832819000e-01
7.096944024661646600e-01
-8.281192644859071400e-02
-7.950101432436026400e-01
6.009168469744043900e-01
7.949144322583415700e-01
-5.582183846846933100e-01
2.377041867267180300e-01
7.757546757987011700e-01
-4.697637563171065700e-02
-6.292836428105855800e-01
1.362624893271952900e-02
4.418716721577038400e-01
-8.969747770615282800e-01
-4.995262156730513900e-01
5.299324268737858300e-01
-6.853066341449057800e-01
-5.224013856169024100e-01
-8.101220068829038100e-01
2.660810520678933400e-01
9.714663742645457400e-02
7.875481432968547400e-01
6.085478229575797000e-01
-3.433964488852891400e-01
8.927641488632512800e-01
2.916351374533728300e-01
4.204605274204505900e-01
-3.791756384418276700e-02
9.065181758980008800e-01
-9.859465768367607900e-01
1.532017680343151500e-01
-6.662256295755358800e-02
-7.322179312955283400e-02
8.453324959274163300e-01
-5.291989610156254700e-01
-4.242841236648707300e-01
2.995885523438493800e-02
9.050333968417839700e-01
2.635796512195479400e-02
3.485287026551814900e-01
9.369274257380483300e-01
-5.627676441464066800e-01
8.002109075790758700e-01
-2.072560785438514200e-01
4.050056833705595900e-01
-8.731520291234161600e-01
-2.712488349748385900e-01
-5.221951511535101200e-01
-4.768069774798892600e-01
7.070836798698265600e-01
8.331739493613971000e-01
-9.960949026752868900e-02
5.439661014752439300e-01
-8.753812293200283800e-01
-3.854710296285618900e-01
2.917529582904899200e-01
-5.744368371450505600e-01
-4.164101048245997800e-01
-7.047162157427319100e-01
-3.737334162432767700e-01
4.858175425212116900e-02
-9.262630008463667000e-01
-8.071758401594872900e-01
8.107797331048510700e-02
-5.847166196600626100e-01
5.292926843965021200e-01
8.062116572952469100e-01
2.643331569924514100e-01
5.384265801742165200e-01
4.644996362589145500e-01
7.030909654356497500e-01
-9.216109773741500100e-02
-9.953656826058824300e-01
-2.744977148102581100e-02
5.366103777940260900e-01
4.434715685173477000e-01
-7.179012956949696300e-01
8.091487457955600600e-01
-4.981591148846091800e-01
-3.116340858039363100e-01
8.825031600028369100e-01
3.811250249717221800e-01
2.755574131198642600e-01
-4.744998761854444200e-01
5.391613830773094300e-01
6.958123816792576300e-01
-8.339011721888842700e-01
1.058586010637293000e-01
5.416666794282579700e-01
-7.874048462917806500e-01
5.673836785737445000e-01
2.409758687593907000e-01
-6.170251967000665200e-02
-4.074773788169188700e-01
-9.111284129138250700e-01
9.788037342034629200e-02
9.948772655216979700e-01
-2.527170447679555300e-02
3.239515828199595600e-01
-1.296728370155474300e-02
-9.459847892761523700e-01
9.955018197784042400e-01
-9.345295089969381200e-02
1.557795833942830400e-02
8.894926068722149900e-01
3.634868859687004300e-01
-2.769118741557469200e-01
5.394420541732450900e-01
7.911786749523404000e-01
-2.881641450458554100e-01
-8.972048279155294700e-01
-3.570520223231031200e-01
-2.598794915341483500e-01
-5.489407259935433800e-01
-7.855801952842373900e-01
-2.855307971530584000e-01
-3.030627132729708100e-02
-3.567469924155453600e-01
9.337093302097282400e-01
