4.996288296474296600e-01
-5.611177958050723700e-01
-6.599377635928990200e-01
1.471033641934633400e-01
2.334058811360751300e-01
-9.611879602315344100e-01
9.388230970402936500e-01
3.312445594314938300e-01
9.427743266926151600e-02
-3.489005380013807100e-01
4.859527070371738600e-01
8.013228944099811700e-01
-8.679095077359729700e-01
3.178476567163308600e-01
-3.817144921291811300e-01
6.158498898414768200e-01
-2.299096122529765400e-01
7.535718169994994900e-01
-2.026346154300072700e-01
5.416074838900681900e-01
-8.158434568125203500e-01
6.012024505602140400e-01
5.822031725831244800e-01
5.473527923328226400e-01
1.714468268519963000e-01
6.042648044012660600e-01
7.781195484784336800e-01
-9.206705606929975800e-03
-9.866614182035831100e-01
-1.625253284887047700e-01
-8.612161829870786900e-01
-4.756267232614069800e-01
1.791253926186452400e-01
1.699631621883803700e-01
-2.618280773008455100e-01
9.500308318343510000e-01
4.698775023575843000e-01
2.252083231953135600e-01
8.535199727843243400e-01
-6.141668282532181100e-01
6.612580600240467500e-01
4.307399274813242800e-01
-1.677737202831721700e-01
8.393032530158370800e-01
5.171286380189917800e-01
2.958459544993547500e-01
9.395858708617996800e-01
-1.722020977898916200e-01
-3.815662992464409800e-01
-8.183317612963417800e-01
-4.298142479409013400e-01
-5.812709685552485100e-01
8.130732794034883900e-01
-3.218545377807112400e-02
8.317886601003553500e-01
1.493773596865387300e-01
5.346157773032275100e-01
-5.860472984722492300e-01
2.422628554429398200e-01
-7.732123077305558300e-01
4.687419996373917200e-01
-1.236482352414116800e-01
-8.746382404729534700e-01
-1.568702964408419700e-01
-9.407498604296318200e-01
3.006350115941102700e-01
-7.736778381792320800e-01
-5.563657996426462100e-01
-3.031166437170829700e-01
5.737920081069750600e-01
3.358085619963244700e-01
-7.469908574557828600e-01
6.349568581581742600e-01
6.656197337466253100e-01
-3.921481331397255200e-01
-9.619647055785538500e-01
2.130634677657188400e-03
2.731654546552996800e-01
-5.289381326044882200e-04
1.946931855285420900e-01
9.808640495671153700e-01
-5.503858025579090300e-01
6.700893306211780400e-01
-4.980519624801694700e-01
-8.895304384287924200e-01
4.482527960795336100e-01
8.834608036331069400e-02
7.418785664011354200e-02
-7.939939847437640400e-01
-6.033818974064978400e-01
4.474073845969958100e-01
-8.521680154068080900e-01
-2.713601034155503400e-01
-2.486132258184521300e-01
-5.260541796098630600e-02
-9.671732698691033500e-01
5.714329834803570900e-01
-6.474215733720388700e-01
5.042912370081515900e-01
-7.415005042511758600e-01
-2.677227945221111200e-01
6.152247617647744700e-01
-1.238520799204522500e-01
8.964419235931915300e-01
-4.255026908539084100e-01
2.408037186058301900e-01
6.935017016469439100e-01
-6.790205879930281100e-01
8.047468121525785900e-01
-5.918628213187138200e-01
-4.561763990952155000e-02
-7.342489082002112700e-01
2.351907098014650000e-01
6.368389677382194600e-01
7.628115936895631100e-02
-4.122663627272025700e-01
-9.078643240534406400e-01
1.176189983082446100e-01
-7.466306843620965600e-01
6.547582702081375900e-01
-2.504900027866166500e-01
-4.837179255558736200e-01
8.386129780774223000e-01
8.846440482425032000e-01
-3.047900693528602400e-01
3.528568003213121700e-01
6.687827577364656700e-01
7.380440746439640400e-01
8.955761741662619800e-02
-5.285017259663437100e-01
-6.901544293121679700e-01
4.943407623809630300e-01
-5.488869633411798100e-01
-8.354072267831030900e-01
2.859837255270626000e-02
9.874823234732718100e-01
-1.289039412177468700e-01
-9.089793598514989100e-02
8.890312192114848700e-01
2.487070424649283600e-01
-3.844064233278226000e-01
-4.257815179295221200e-01
-3.272273788040450100e-02
9.042341076376417800e-01
3.194060025984282200e-01
-9.275928871843740500e-01
1.937814262230775100e-01
-7.528023144734267100e-01
-1.934825871063741700e-01
-6.291686290733800000e-01
-9.723326977818296200e-01
-1.226808081278709400e-01
-1.987927165200019700e-01
-1.341459619070125000e-01
9.895039216845809000e-01
5.372941349835477100e-02
2.708855360385398800e-01
9.097722284606724100e-01
3.145401702276119400e-01
-3.908133151421839300e-01
-4.823167289077443500e-01
-7.839869423168406300e-01
8.150279271565120700e-01
-2.078901718805175600e-01
-5.408430034589041300e-01
