-0.1444143831942241467
0.1013492622628008654
0.9843133713230851964
0.1448380550001482733
-0.1001674540986903351
0.9843720937547756329
0.2884711499094813542
0.2175573445006480771
0.9324447423433347171
-0.2889552381783708802
-0.2160075278747521476
0.9326551443222297102
-0.0028292208803968569
0.4154356115982985212
0.9096181881015559276
0.0020000870726481126
-0.4138445523676384397
0.9103453664007582518
-0.4785133210922196217
0.0755389973544095777
0.8748250461755109278
0.4788472297987100816
-0.0734957163633734696
0.8748163865579656007
0.3486280291355404478
-0.3999619749621860239
0.8476372548946963555
-0.3493617369729497871
0.4023077311866905104
0.8462238865493345416
0.3038392982659136843
0.5379909907478332987
0.7862870816078831443
-0.3045461001566277192
-0.5366326269773386055
0.7869416093604339563
0.5759486804575944649
0.3162252032475553914
0.7538466278429572089
-0.5764581122482460005
-0.3146835275038206387
0.7541023288260955729
-0.1578521691204199422
0.6717559252149922181
0.7237587095451965082
0.1580421414289540076
-0.6700999703151903719
0.7252507920134465332
0.6521597848561909942
-0.3184053052632627290
0.6879721481255873860
-0.6527610017508038289
0.3206779868790975773
0.6863444494745013983
-0.7461197583024928412
-0.0186268099660664638
0.6655511612348953839
0.7462973998397722566
0.0205634489934165337
0.6652949237427640655
-0.4891569006578231381
0.6234529335122728822
0.6099442320686162490
0.4889608048676385565
-0.6215232464748130307
0.6120671412472653744
0.1482894034484662059
0.7899446728631909547
0.5949770303465203882
-0.1480002572166995843
-0.7887384088926598662
0.5966470030103780337
0.4852370827855209818
0.6963495776622748381
0.5288121019600146415
-0.4837619474674320782
-0.6970641343969442357
0.5292220429271218011
-0.7436113136633457049
-0.4636038833757099251
0.4817817488353356458
0.7447160393165849804
0.4625319412406437094
0.4811052110679953637
-0.2770258976842719027
0.8516203067669635422
0.4449713531390152601
0.2776934944978078299
-0.8503745586357319732
0.4469333654345802102
0.8891072737915440362
-0.1862487282181378470
0.4180905008823981573
-0.8898888840574638265
0.1855647538569654543
0.4167295239804416926
-0.7559403109186099104
0.5115494187758277338
0.4084990067042858825
0.7553575847617527293
-0.5122824944810635979
0.4086582496306058733
-0.9066431535593858836
-0.1654010764661507356
0.3881245624895832142
0.9074381792223731169
0.1643991392470678305
0.3866896351137530142
0.0305192998038815534
0.9519109321641016229
0.3048510284810466467
-0.0297551923380256617
-0.9512397866979167658
0.3070138380135802813
-0.5714553059578973989
0.7762002580041920441
0.2663681526887018415
0.5710413135044863681
-0.7766838624648612301
0.2658458125638533346
0.3743901121512567137
0.8910503188339882879
0.2566347077642017559
-0.3734942650035375050
-0.8914421994056791086
0.2565791089084081002
0.6719860735252032285
0.7039717841989065942
0.2299096432079094952
-0.6712131722159095644
-0.7044330185678861907
0.2307531143780985637
-0.8863956982514525884
-0.4340971563869354837
0.1608176760747906358
0.8868899908023879775
0.4334513371582083965
0.1598314190961880865
-0.2627765580474978846
0.9586365995308804945
0.1093816738790380281
0.2635642044600600132
-0.9581661091000192691
0.1115868159751215979
-0.9464813906080077898
0.3094903050859168689
0.0915900010402766763
0.9459989862289622320
-0.3105042284897197624
0.0931291691350225004
-0.9966726047524778593
-0.0388756440926153543
0.0716407930741651502
0.9968288515598486471
0.0375817698573952668
0.0701416514794099207
-0.7854234072237656180
0.6179589397066288075
0.0351684549229838232
0.7849660224172397096
-0.6185766821455949588
0.0345142283153645009
0.1720344032699369855
0.9849555741841896833
-0.0163303697156527399
-0.1692423083962039904
-0.9854613739964071677
-0.0149305528979170501
0.4983839905633749808
0.8639404097195117753
-0.0722521031099294837
-0.4955784106986281960
-0.8654804512460816080
-0.0731137973319725415
-0.5365297675722222287
0.8402191141908335333
-0.0785343788239789416
0.5358170315565891700
-0.8406263784718438172
-0.0790404991836306870
0.7651416772317183136
0.6355486969419466755
-0.1031313123082733458
-0.7631697796777939629
-0.6379347866204122343
-0.1030101713721345705
-0.9408495896420047716
-0.2986361627692364266
-0.1600577769336352952
0.9405373809954030483
0.2988261702451967640
-0.1615312815738695520
-0.1202332477574389227
0.9696582386699760748
-0.2128540963034022127
0.1229718715762845968
-0.9696132411908153391
-0.2114901447076613276
-0.8908183675482189436
0.3798358153337493517
-0.2493338914557589049
0.8912535855284700802
-0.3795519011566365213
-0.2482083814278415693
-0.9618647012348877903
0.0352371769581371419
-0.2712464522871054610
0.9613742716869944743
-0.0349598628198009136
-0.2730152335125672734
-0.6814796645820296162
0.6495292202828399680
-0.3371902411991342928
0.6820996767246947806
-0.6492640654726085572
-0.3364464360014044527
0.2336434798911377292
0.9055056041658352772
-0.3542179062789248065
-0.2346742924310641833
-0.9060608781378541273
-0.3521102974637919114
-0.3860846414308438055
0.8317853123240505029
-0.3988381173523896341
0.5414993237981906433
0.7397876357250448484
-0.3993654170737003506
-0.5418661849775250960
-0.7396374586247868540
-0.3991459224105505887
0.3867495516097600733
-0.8309887916742488561
-0.3998529885363136366
-0.7750662398700707705
-0.4757889479118443350
-0.4158090918421700372
0.7743589264425722726
0.4757156813744649544
-0.4172083934116564267
-0.0615465196878986439
0.8418891510804919616
-0.5361293530550959165
0.0612080990529645401
-0.8428846877835542692
-0.5346016944514324319
-0.8283330304543671466
-0.1500958610429170483
-0.5397551511158275232
0.8272410396762110480
0.1500669117480571820
-0.5414353001733653457
-0.8141371897496677150
0.2022077276456524852
-0.5443277240292792341
0.8134199895443857817
-0.2038619879314305369
-0.5447827186009635123
-0.6096425028758051305
0.4747416585883926060
-0.6347884500273031954
0.6085407228096709864
-0.4762921207869554246
-0.6346841768616478171
0.2471543578685423201
0.7169884158291679730
-0.6517993057324997073
-0.2476471358860899565
-0.7182842980377150561
-0.6501834843179911370
-0.5345068917470857993
-0.5143952469145966781
-0.6705966840259055586
0.5338593224065257721
0.5128870769795290704
-0.6722656246953578923
-0.3088978416679629979
0.6481729807988585279
-0.6960272339321189499
0.3073453925776743916
-0.6488986105226477445
-0.6960383631115833266
-0.5832893711040163351
-0.1865157074129307842
-0.7905601814190587668
0.5817802261505917762
0.1848218407121216904
-0.7920685927720839797
-0.5752528219436087054
0.1657658903620623821
-0.8010030339757693656
0.5743446479123363447
-0.1675069765977064586
-0.8012924798134260659
-0.0013254370083883647
0.5482230183440214436
-0.8363311338067640791
-0.0004344535186491728
-0.5489262974966015501
-0.8358706426037539836
0.2886651426255413816
0.3548766006791801986
-0.8892328343709343329
-0.2899601031449834083
0.3529518774298751439
-0.8895774900495610989
-0.2892545601326480234
-0.3540040408791324196
-0.8893890816081080335
0.2888300234168450489
-0.3546330992943862236
-0.8892764375928796316
-0.3036622109904241774
0.0000000000000000000
-0.9527797550412199590
0.3036622109904241775
0.0000000000000000000
-0.9527797550412199590
0.0000000000000000000
0.1762639805964557495
-0.9843429326938311853
0.0000000000000000000
-0.1762639805964557495
-0.9843429326938311853
