-9.278552233338660500e-01
-3.291533744792799500e-01
1.753360790053327100e-01
7.702126278532084300e-02
-3.938255655564039700e-01
9.159525910182979600e-01
-1.243612107448389000e-01
2.766400716976192800e-01
9.528927326793996700e-01
-7.307842697834765500e-01
-3.135181937310486100e-01
-6.063503057116831400e-01
-5.879398610435503400e-01
-2.194904156139946500e-01
7.785567912809485700e-01
6.504306795414986900e-01
-2.222555216332332600e-02
7.592403808690760800e-01
-5.515858486935001400e-01
-8.195045767361496300e-01
-1.554519225663526500e-01
5.056302534897204600e-01
-3.598206606262270800e-01
-7.841346433760126900e-01
-1.419150111839076300e-02
8.255368754301903900e-01
-5.641697161324464900e-01
-5.134391813874953400e-01
3.782266939577028100e-01
-7.702757785325752300e-01
-8.207207664193174600e-01
3.538476414590103200e-01
4.485635631680129400e-01
-9.422870241459441200e-01
2.406749841885881800e-01
-2.327460335043411200e-01
8.990781692368464700e-01
3.699612346545991800e-01
2.340665086136101700e-01
-5.605165388334867300e-01
8.186647383856703300e-01
-1.249370073999317300e-01
-2.876863621764331700e-01
8.038383881122122000e-01
5.206538224337267100e-01
-3.149929948963489700e-01
-8.040488569472370500e-01
5.042666445523345000e-01
1.575830882508216200e-01
-9.873035780838507200e-01
1.998036536601813600e-02
4.079378543596241000e-01
6.283585479077782300e-01
6.623837575391583500e-01
5.643574248705756100e-01
-6.639737055315119200e-01
4.905503188829926100e-01
7.356996406095562800e-01
-6.503797868711623800e-01
-1.890824466638591800e-01
-3.076038374000516000e-02
-7.814984598952686700e-01
-6.231484221062351100e-01
3.394592746668497800e-01
3.134385800190904700e-01
-8.868616901176149500e-01
2.290621054243905900e-01
9.703490360396452900e-01
7.715763160878255600e-02
6.671519593881113400e-01
6.489240311086056400e-01
-3.657948399504309400e-01
9.327405733767184500e-01
1.723006790497976600e-04
-3.605481841437377900e-01
-1.466488183530264300e-01
-1.844793442676644900e-01
-9.718340885224359100e-01
