4.081561566049437000e-01
-8.997759290827727100e-01
1.543108203228598100e-01
3.323711692701411000e-01
-7.079339350327871200e-01
-6.231845228076454700e-01
2.231070069689810600e-01
3.217074157087441200e-01
9.201780274052106000e-01
-2.794575622115996200e-01
9.575871028726781200e-01
-7.021688781668512800e-02
-3.289342210860642900e-01
-8.210137513885265000e-01
4.666247938434511200e-01
4.096199526392805300e-01
8.479102041138999500e-01
3.365409041399251600e-01
8.844123973251866200e-01
4.347872320644835000e-01
-1.696312892458862700e-01
5.959297696282843700e-01
3.060882212584935300e-02
-8.024529953080418200e-01
-4.804752771971491100e-01
5.141202443483067200e-01
-7.105095934282380500e-01
-9.137648462491346800e-01
-3.059809575330254500e-01
2.672254841635958200e-01
-8.314987902666449700e-01
-1.851340642245923600e-01
-5.237701213784444800e-01
2.828539255051869000e-01
7.446562094974970000e-01
-6.045500694592020900e-01
3.002068322151723600e-01
-4.736531204095545400e-01
8.279665327883871700e-01
-4.313397968490851900e-01
-1.450489838123885400e-01
8.904531273173134100e-01
9.118150740462344100e-01
-3.690712605359181600e-01
-1.799435338890752200e-01
-4.096199526414600600e-01
-8.479102041140179600e-01
-3.365409041369751800e-01
-1.626556027728214600e-01
-1.775451447391054000e-01
-9.705775994046949000e-01
-4.682553179711264100e-01
6.162203967035769800e-01
6.332530141090885200e-01
8.536656848829518000e-01
2.242542515382982600e-02
5.203383502683525100e-01
-8.961366018434567800e-01
4.430442982837052800e-01
-2.551353748034535700e-02
