5.498445463837624600e-01
-8.261453399460817500e-01
-1.231050449713882000e-01
9.010348250799793400e-01
4.318598358932156900e-01
-4.041442979154828700e-02
-5.073004429689980100e-01
-1.875762216404239600e-02
-8.615650945658195300e-01
-1.427307337062519700e-01
-9.451106261964423700e-01
2.939282938171209300e-01
-8.042275676903823400e-02
7.439755258223125200e-01
-6.633495286582192800e-01
6.311488880894536300e-02
-5.361235331894036400e-01
-8.417767328520935300e-01
4.179271096790740900e-01
-2.207838545896342300e-01
-8.812442456821142400e-01
-6.873578860666732500e-01
6.356528197512172400e-01
-3.514037979366200200e-01
-7.317573612407227700e-01
-6.338831942607260400e-01
-2.504461225569947200e-01
-8.195326650556974400e-01
-2.485383193209701700e-01
-5.163283013120757400e-01
-7.347668331138709200e-01
4.698858535946003300e-01
4.892085297166095000e-01
-3.653093661206879800e-01
7.683280073030767100e-01
5.255674459269563700e-01
-9.295146645736949200e-01
-3.589690040979705600e-01
8.452066279533559900e-02
-4.689263440468945900e-01
-4.783607951830874900e-01
-7.424816721580525000e-01
4.786950229090191600e-01
2.499891363292378300e-01
-8.416391784841621400e-01
6.066442129969223900e-01
7.647608134216046200e-01
-2.170799324950842300e-01
1.693197271183540800e-01
9.367045080047927700e-01
-3.064563503862589600e-01
7.270455563559068400e-01
-1.110648494341927400e-01
6.775465727190197500e-01
-9.503476574041779300e-01
6.286359480343226000e-02
3.047745043713160900e-01
2.498999461388437500e-02
3.642843873601107600e-01
-9.309524076422311900e-01
-7.016453195286777000e-01
4.954329813514554000e-02
7.108018761887112700e-01
6.659340745470840300e-02
4.865802900127262900e-01
8.710941048214611000e-01
3.358167252187800300e-01
9.314958553326879700e-01
1.397948445449927700e-01
7.576687537303135300e-02
-7.425035675313560500e-01
6.655432614033566200e-01
9.481509273731599800e-01
-2.111021239615956100e-01
2.375830637489129700e-01
-5.789739257236702400e-01
8.093726196472551500e-01
9.851474964421262600e-02
-4.060929500415113600e-01
-2.899580120305170200e-01
8.666099856255368200e-01
-6.540385369819811100e-01
-7.266555038975115500e-01
2.102507331685754300e-01
-3.940552830297428500e-01
-6.895577347307594300e-01
6.076434516962501100e-01
-3.729491703888390700e-01
-9.197564217254572400e-01
-1.222989820115433200e-01
5.175603507637579500e-01
4.629851394649828200e-01
7.195665667274199200e-01
8.888593795047213800e-01
2.351565845417118400e-01
3.932307010053495100e-01
1.257449466923923100e-01
-3.486736020317901000e-01
9.287706539439671800e-01
-5.695381385032610000e-02
-1.007848546688062400e-01
-9.932767369455957100e-01
1.063946046396544300e-01
8.315918161392723600e-01
5.451011277127928400e-01
9.809561092161998000e-01
-1.193607344962719200e-02
-1.938624304552596900e-01
3.629345927789842700e-01
6.439892872749085300e-02
9.295866066930528200e-01
6.470441792733949700e-01
-5.027567029551576200e-01
-5.732098461314827400e-01
-4.308001842795132200e-01
4.451169063116714500e-01
-7.850363946596770100e-01
-1.092524833165019600e-01
6.077384654959038700e-02
9.921544408330511500e-01
7.649258496212616400e-01
4.104802874033286500e-01
-4.963812831226332400e-01
5.022020212722715400e-01
-5.309563003034574200e-01
6.825529554533551500e-01
-9.841609092050173100e-01
3.788279034610592800e-02
-1.731825597118449000e-01
1.001073432008210300e-01
-9.882005285493284900e-01
-1.159234023487107900e-01
-1.908537692030449500e-01
-8.134585712099098300e-01
-5.494178662057895800e-01
-1.377741935895144500e-01
9.769873346544948300e-01
1.628312608360733800e-01
-7.923567308007674100e-01
2.242701752034311500e-01
-5.673391399057028400e-01
8.679244791056610600e-01
-4.727845000956629700e-01
-1.522560837486016900e-01
-7.543150196156196400e-01
-3.878529222133237400e-01
5.296970472948410200e-01
6.828413938617299300e-01
6.579165370452199100e-01
3.176058266332590400e-01
7.259132364435374500e-01
-6.308263965372940000e-01
2.740584437448364600e-01
7.798372565913768200e-01
-4.815586373333056300e-02
-6.241272835088465000e-01
-8.902682247583910700e-01
4.537406433349484600e-01
3.926724553021573200e-02
3.311181622440664300e-01
-8.965751562793311500e-01
2.941322011864820300e-01
3.890009637310212800e-01
6.689092799826057400e-01
-6.334339944852097600e-01
2.843967496955431300e-01
-8.066343815569461100e-01
-5.181307395367059600e-01
-3.994525244449853000e-01
3.995470090656457800e-01
8.251059739580274300e-01
-3.054496347056365700e-01
9.107064229487738000e-01
-2.780545483498557100e-01
