4.478500165877522500e-01
-6.089513842310294600e-01
6.546820406009800100e-01
8.504907087914293000e-01
1.594161088058333000e-02
-5.257484372796408200e-01
8.018556951011552900e-01
-5.587412934495070700e-01
2.117442117938880500e-01
2.374156548085680500e-02
-6.291773319401674500e-01
-7.768991073757071100e-01
-7.489753472673270600e-01
5.317284155028998400e-01
-3.953489867605108300e-01
1.040388115860206900e-02
5.990388953360416000e-01
-8.006523347442464600e-01
8.633864066888392600e-01
3.468310438959212300e-01
3.664316303691590400e-01
-8.207361569710964800e-01
1.910129421888817900e-01
5.384293979313006200e-01
8.662460753972970300e-01
4.642268483429072800e-01
-1.846920954897414400e-01
-9.903544732945389600e-01
1.304183225780644100e-01
-4.678758768541455700e-02
1.752276013969604800e-01
9.774896650565205700e-01
-1.175127329967239600e-01
9.975001369280384100e-01
-6.973172653009598900e-02
1.144391295304095200e-02
3.558759258345842900e-02
-7.784245887403287700e-02
-9.963303040912479000e-01
-4.155571627017788900e-01
2.382988891768720600e-01
-8.777960377811671000e-01
-4.370172936309353300e-01
-7.604932369608827800e-01
-4.802769217901810600e-01
-4.454465831939297100e-01
-3.198942305439665000e-02
8.947368430625288700e-01
-8.527657056848494400e-01
-4.605100986280948900e-01
-2.464165178500888300e-01
7.825841094616184900e-01
-5.150301386829132500e-01
-3.497228443588220000e-01
5.003086301404344700e-01
-3.294383775133883400e-01
-8.007256896268211100e-01
-4.455790154232232600e-01
-3.227691025871510800e-01
-8.350326026147459900e-01
4.649130936296248500e-01
4.869693017441553700e-01
7.394029446320467000e-01
5.374932203417703800e-01
7.972780220732503800e-01
2.746794379009808700e-01
3.400558598947214200e-01
-8.630714955989977600e-01
-3.734562968216910100e-01
5.258576028981303700e-02
8.266799247638752000e-01
5.602098176640036800e-01
-5.341914009131223400e-01
-5.342373044254189500e-01
6.551565078290362300e-01
-6.110193519974389500e-01
-7.768109544544374900e-01
1.523814047848876000e-01
7.801171222249337900e-01
-1.564788145467792300e-01
6.057488392143418600e-01
-3.186522981167158000e-01
9.358342661619011300e-01
1.505820015212698500e-01
-2.942833214416231100e-01
8.643344296905182100e-01
-4.078275620563832100e-01
-9.041332654530610500e-01
-3.098802812470805000e-01
2.941381471271877200e-01
4.597372600233318200e-01
2.623702022153952000e-01
-8.484123577221705000e-01
3.443828409727395800e-01
-2.623139747422557900e-02
9.384627710410755600e-01
-5.401148219795108600e-02
3.721013898518119000e-01
9.266192937021818800e-01
4.800261373043380700e-01
7.131396607684159500e-01
-5.108881792954164100e-01
3.638522694413173800e-01
-9.124165816130948000e-01
1.873699752358361500e-01
-1.352948143899397600e-01
-9.888185915769409600e-01
-6.271448119044655000e-02
-8.224708755132470500e-01
6.558291471400035500e-04
-5.688068466717000100e-01
-3.322147449382129000e-02
-4.423542816789883300e-01
8.962248730718885800e-01
-4.662282854077166600e-01
6.188754711002807400e-01
6.321584747167331400e-01
-1.112819530486598700e-01
-8.663972822782386500e-01
4.867977775078252700e-01
-7.769945216492353300e-01
6.082458195552454800e-01
1.622237230513583500e-01
