31241
-285955614
-979823118
-333312986
-81344315
-209887646
1049881794
1071259519
-62288639
38008851
-741208817
484161581
-607551279
664378932
769577696
345358230
1008822385
-292190479
-223212057
890739077
528651150
-282901680
292432843
284008409
993349767
-711145136
804404516
-11290364
-973833447
-380856479
-243963651
395379329
-921079382
-384979819
1028345105
305514826
-45700550
-198935882
588627054
-875707833
-231711921
905230647
528950436
-913628055
545867836
-142244810
423009092
514335464
-842284893
847132283
-413843719
-513830492
-149807443
851617762
-636573970
-574707046
-799385828
-428503922
-811836035
-275754932
646376804
389790618
826833084
563322135
-813938410
-554042760
428325095
-804470702
-687801508
-180769131
637706129
578460498
641588535
-466570408
698058199
-669289405
1031419146
53522164
-293651881
66449934
792722999
721176925
606957414
-432607243
-772900494
338019279
593445014
828545403
-132458450
-1065266038
-24177083
64350784
-1024213049
-315860904
58188361
52369831
-1070884223
-382053362
-980739625
212382955
-1063252741
-149428476
9286663
297392288
-902233555
500453736
95978953
411698131
-987022894
858096606
-478204139
433488777
-564309584
56364523
-911756128
-786792648
-527294363
-505805780
-516597210
-607051163
-719400939
613373178
-730044758
493689679
566828620
-59735226
909977209
385630807
979830742
-210100218
-701642927
730264324
-356837110
-1052630742
200486173
-68522401
-351035047
15972218
1014613615
-866496220
-196161125
-603014608
395356249
970379481
234475165
655022057
-450763667
721581405
-113262101
1041352035
-235964275
-894214369
64658817
590864962
-32849200
163037633
1060783278
1018427604
183979853
286143550
142431949
956644360
-466332726
130536429
707732123
-796866982
109388739
-1042191644
234077304
622341538
-867466048
-114521480
-652524589
94726953
847443195
-593154328
-546423067
708880299
130110195
1065641689
20015759
-307433418
362941204
962642134
239622492
-61750896
1044839409
377070679
-667092949
752147727
373224199
192328157
-988248491
-305340713
-425687943
-937271747
-1035855528
91670175
267434866
-245001807
-821387103
-646698418
665526090
260363452
-801378437
-613388013
-285543264
-833751577
-412848478
989863268
-51462110
-401832728
913387048
-396454364
640997115
861406797
4746774
-491611115
911292271
284229505
-817308552
145697698
-680955515
-1022389590
-40316669
-325600363
-285126558
-469289724
922708786
-139863421
-955190195
470075971
-33073895
-638502457
-862636791
-732946112
-768527571
158356787
97102624
981706135
423964205
286502341
-494579712
-908971298
418147142
782166913
-605218465
-505626077
401593098
-857896705
651667873
782815197
-339780596
-266035316
-88638242
-1036479607
335039510
-158602176
-1007727830
105457225
-864217663
-628433058
-222736564
261712175
-1017259389
-532379584
727405001
583417042
424865670
-719713238
-674109427
872173294
487561869
393088632
-987018588
-250812199
340307290
-543201981
-921000240
-98039125
891908925
276081756
-530281846
988827662
-403050087
112658707
882128912
609112749
61251498
-553361552
-795986469
461647092
-845595065
408372271
520694323
-554568033
-243252242
886681536
307591485
-1027030026
-59315313
-762213587
686187226
317960755
610220186
283957177
836612903
871084911
-609534129
-150335381
47227358
-791276191
724274167
785112270
-710684945
177333402
504888273
-922930937
214960043
995545249
-158808735
369582124
647216973
-89961049
-852020365
864297081
202643828
604026106
678510857
-713753887
-427901751
-303344716
-748907402
707135905
-256726034
671452554
797599344
821033920
-141014288
677450940
689266767
555281960
-607860816
16792883
503546109
948198723
890977311
-71870167
-594908071
-953219341
299780900
-392970486
-947876551
-496497354
89117482
-966398702
428901978
187184788
65252744
-512679964
941181617
385836122
-363820774
933641491
-172584991
1040164092
202964496
-600368871
437327632
775385880
13792554
-304596151
-1029539923
