5.614492558059442900e-01
-8.205334332768667900e-01
1.072362719877419500e-01
7.901585996222069100e-01
-5.297883970295564900e-01
3.081779385613541700e-01
4.371357703063035200e-01
-8.500274867514326900e-01
-2.938802308522264800e-01
8.168095969704252100e-01
-5.662522582652990100e-01
-1.103651317512041900e-01
6.602972617552213000e-01
-5.593790343823794600e-01
-5.011014089104057800e-01
9.214546983899613000e-01
-2.176062822614365200e-01
-3.218209824349890200e-01
7.075390866150217400e-01
-1.825355252799085200e-01
-6.826926269726140100e-01
3.969377386186665500e-01
-4.383475907162713800e-01
-8.064067344544808600e-01
1.913715788612106400e-01
-7.583371732202857100e-01
-6.231385484115340400e-01
-1.576500387999458000e-02
-4.892840649632026500e-01
-8.719819771220895800e-01
-2.430888188787210000e-01
-7.425166991694108800e-01
-6.241608587461338100e-01
8.556850324557225800e-01
1.620079923644033600e-01
-4.914840136172332100e-01
4.364975551099127800e-01
5.812933231828878400e-01
-6.867080579154897200e-01
7.354473126253398000e-01
5.529048046342885900e-01
-3.916803893029176000e-01
2.998638609812552900e-02
-9.569027808405468100e-01
-2.888561660557081900e-01
-3.838378058970119400e-01
-8.875313216350488900e-01
-2.548660273181013700e-01
1.681078519550344400e-01
-9.798177766918164700e-01
1.081520900850744300e-01
-2.512085146581571900e-01
-9.579863020937691200e-01
1.384071066237143000e-01
-6.253954339504298500e-01
-7.770058909244500500e-01
7.171050594337845300e-02
-6.542012131134604700e-01
-6.183672220891344200e-01
-4.354799093031091500e-01
-4.241059072767715000e-01
-4.096765528236942000e-01
-8.076504822504854100e-01
5.685164029388128900e-01
1.975374696650686000e-01
-7.986038114533611200e-01
2.430636251269889500e-01
-8.076467191393993400e-02
-9.666421995292572300e-01
-1.763903622220870700e-01
-1.147695092000456700e-01
-9.776064647255262600e-01
-5.443209553812172800e-01
3.488846270593239100e-02
-8.381512349826227800e-01
-2.291151393116717700e-01
2.997020714625883700e-01
-9.261128016063846500e-01
-7.558727448515865100e-01
-2.460229498983952700e-01
-6.067364351296370400e-01
-8.711025836006373000e-01
-4.809764007712370400e-01
-9.920680795913756900e-02
-9.583315088489223800e-01
-1.043843800839646800e-01
-2.659034041561605900e-01
-9.756278258665203000e-01
-1.590792681923900700e-01
1.511427531386817500e-01
-8.016709408271589500e-01
-4.970596539398685100e-01
3.320472903947206400e-01
-8.174870401278194800e-01
1.732569024727076400e-01
-5.492695012183176400e-01
-9.376400246669506200e-01
3.044595263107813300e-01
-1.677366417369055000e-01
-9.360006124135047400e-01
2.483258009442168300e-01
2.494737464082289200e-01
-7.900133022857351900e-01
6.071968119302670900e-01
8.479984547926731900e-02
-7.113278314246314100e-01
4.319263061865473200e-01
5.544838881922324900e-01
-5.264590967627808000e-01
7.638863196286221900e-01
3.732539485657930800e-01
-5.471127119161524100e-01
4.583298367275615000e-01
-7.004294691295051000e-01
-7.115194691986067600e-01
6.122677651852696000e-01
-3.447727203047951700e-01
-4.993592634801423100e-01
8.625944086138194200e-01
-8.106301379016837800e-02
-1.985061382607621600e-01
9.601448164496414500e-01
1.967669802524895400e-01
-1.151493056789830300e-01
9.696327036332907900e-01
-2.157615754633874800e-01
-3.616930320687541400e-01
7.851018287026447800e-01
-5.027855100544111900e-01
-5.858986382327219900e-02
6.470084314736317400e-01
-7.602284639890833900e-01
1.855724604036344500e-01
8.536982119598457400e-01
-4.865821871342022000e-01
-8.407967948457646400e-01
-6.157920030307204700e-02
5.378371053275550200e-01
-5.763364589561087400e-01
1.239522573859518100e-01
8.077574660545456800e-01
-3.672426672061150400e-01
4.916876328199112900e-01
7.895416994151042100e-01
-1.627846374896549900e-01
7.961263754376040100e-01
5.828241210948160700e-01
-6.141127762682097000e-01
-3.816259520534721600e-01
6.908162785744360600e-01
-3.229261416773381300e-01
-1.903095607043510900e-01
9.270927559451129800e-01
-1.414875428391584600e-01
1.868758786076537800e-01
9.721412866533109000e-01
4.820044022989913900e-02
5.390317287977127700e-01
8.409051747438548400e-01
2.481755469129373300e-01
8.306932574486923800e-01
4.983549036015849100e-01
4.503236796582735200e-01
5.327579714911682100e-01
7.165036827202274600e-01
5.554424226349367100e-01
8.041230045565661600e-01
2.118251842448233000e-01
7.534563187006257900e-01
5.006924252274990200e-01
4.261580353928649500e-01
8.390601743625109000e-01
5.437961604592187500e-01
1.624067943666769900e-02
9.343899634565829800e-01
1.327997354025324000e-01
3.305746912100548400e-01
2.009694752283590300e-01
9.774325700792688700e-01
6.509102069159268500e-02
4.966575007156469600e-01
8.438429818318093900e-01
-2.031264359852942300e-01
6.897594926815322500e-01
1.869266324483155300e-01
6.994928708266066100e-01
8.042244336097734700e-01
-1.940509359854956900e-01
5.617537669016490200e-01
5.512012435098184700e-01
-5.174524127823049200e-01
6.545381498881489600e-01
4.947938997367463700e-01
-1.519382924591054200e-01
8.556247729395837200e-01
2.896353954417388300e-01
2.071061944312779200e-01
9.344615358245096400e-01
9.719148002842150600e-01
-2.148138260747270200e-01
9.610744568258659800e-02
9.825719598323208200e-01
1.625922087233524800e-01
-9.008949668931434700e-02
1.903961445827386000e-01
3.346062597073408100e-01
-9.229235933124110300e-01
9.346780489757736100e-02
-1.622814189928934700e-01
9.823077473466660400e-01
1.659448137216075800e-01
-5.447392646292774600e-01
8.220227809313164200e-01
-2.513681720097829000e-01
-5.770707119663237600e-01
7.770478978101289500e-01
-8.280307394211368400e-02
-8.558958967733545400e-01
5.104761158294011100e-01
3.339209251643211500e-01
-8.219410901061478000e-01
4.614213477208454200e-01
-4.850018383120651100e-01
-7.395027511653445900e-01
4.668071313217097000e-01
