-5.907232457209331500e-01
-6.004831845840691300e-01
-5.389489697519617200e-01
9.788944578067142500e-01
5.391838054592921300e-02
1.971254643992081700e-01
-6.602863331904878000e-01
-6.802965709109358400e-02
-7.479264161385987800e-01
3.355368601879083500e-01
4.270582935073704000e-01
8.396643552049908300e-01
7.593630109449002200e-01
-4.642449765655755600e-01
-4.558995715531258800e-01
-8.431924004646848000e-01
3.557844844809684400e-01
-4.030433927025902100e-01
-8.317278430538546700e-02
-8.685671785142559100e-01
-4.885420599689189200e-01
-9.661422021958558900e-01
2.153536789563006400e-01
1.420986913948493200e-01
3.023100918816716900e-02
-6.314109361026144500e-01
7.748589006093207200e-01
4.286928383025135300e-01
-8.752330574110682700e-01
-2.240302336806545800e-01
-1.490310928207902500e-01
-2.239875815867803700e-01
-9.631299479652507500e-01
-1.735437471901223600e-01
9.793224755339462500e-01
1.039714226375413600e-01
-7.500093865869085200e-01
-6.613280055494129600e-01
1.145378136533211700e-02
2.647618176911182300e-01
8.502101719029370200e-01
4.550207066559425800e-01
2.930096477031067800e-01
-5.472865350027930100e-01
-7.839788230287461100e-01
-6.770490331576952700e-01
7.117586591009850100e-01
1.870941417976464100e-01
5.752021692005597800e-01
-4.597538929560899400e-02
-8.167182672905559700e-01
4.802030470771857100e-02
7.649770786615153200e-01
-6.422648359191649400e-01
7.357225618466117800e-01
5.188080937063045400e-01
4.353739471933167300e-01
7.095296648511270100e-01
1.003856500469993900e-02
7.046040603834851100e-01
5.756724529616605900e-01
-5.426476376078780400e-01
6.116655689996730600e-01
7.966639184936772400e-01
5.895585755919108300e-01
-1.332189435340818400e-01
-4.738934531639889500e-01
-2.353568964379695600e-01
8.485470678444403400e-01
-6.962172636988470700e-01
3.278505504649428200e-01
6.385887082367838200e-01
-8.622327171304214900e-01
-2.758740204889851800e-01
4.247920271487375400e-01
8.573847096554366700e-01
-5.026496544721015300e-01
1.106109601628148800e-01
9.230869798037184500e-01
8.235812568731079600e-02
-3.756694915083240700e-01
2.147469446481348500e-01
-1.212762397747515200e-01
9.691108416638356500e-01
2.455314551116883300e-01
-9.147467713938198800e-01
3.208623517574469300e-01
3.318088413170737200e-01
9.282469878028371000e-01
-1.681083652254723700e-01
-4.838050370074921700e-01
8.028515524210873000e-01
-3.483705942544940700e-01
5.628467981464669900e-01
5.064228263704067000e-01
-6.532529393330572800e-01
1.224029071893024400e-01
2.841386735705125300e-01
-9.509378226220665000e-01
-9.451090723467674400e-01
-1.937977982569107100e-01
-2.630803199758708400e-01
-2.895230058388191300e-01
7.352275156539235200e-01
6.128759493693767300e-01
-4.078499019245123700e-01
4.477293777104775500e-01
-7.957366787041767500e-01
-4.801264456408678200e-01
-7.075971774774775200e-01
5.184446263798808700e-01
-2.612506252346910000e-01
-9.639174560391268200e-01
5.110037923089326400e-02
-2.090562843831695300e-01
2.680648010973145100e-01
9.404449650950133000e-01
