1.691989013395967200e-01
7.362446411519177900e-01
6.552217641078151900e-01
-2.132301550500605400e-01
8.993229574984824600e-01
3.817736490297750100e-01
-9.051246038650172200e-03
3.338724533405941200e-01
-9.425748033156206000e-01
3.084054990148225000e-01
-7.797742456554427300e-01
-5.448285730299977600e-01
-9.268026972584028100e-01
8.569287806730746500e-02
-3.656412052861260400e-01
6.199329024663690100e-01
5.467005135617543100e-01
5.628514412444350900e-01
3.188454207969920700e-01
3.241740814977752100e-01
8.906451383810855000e-01
9.109188984000621300e-01
1.959195622273102200e-01
3.631009304233143700e-01
-8.024137103488328000e-01
-5.604228729792534200e-01
2.050815469170715100e-01
-7.449668002116016700e-01
-2.742667090484345900e-01
6.081136726716716000e-01
-5.040024493198912400e-01
8.092153507952581900e-02
8.599030388595703100e-01
-5.422609532041705600e-01
-7.031136136284729100e-01
-4.599829398580072000e-01
4.352079462059892900e-01
1.049021692098270200e-01
-8.941977289471483300e-01
9.469937598978709300e-01
-2.656381153702226400e-01
1.806632513187168600e-01
-8.449773621649757600e-01
2.001147836793400700e-01
4.959509358612911300e-01
-3.458844591425032100e-01
6.201846005741856700e-01
-7.040845134884986500e-01
6.889924055907830100e-01
-4.629099069965897900e-01
5.576772211975620200e-01
3.898013115973819600e-01
-8.286663607726513200e-01
4.017051157264130400e-01
-7.387061490952109300e-01
5.453820728923214300e-01
-3.960702208656927700e-01
6.648412454582974800e-01
-3.342035612469807700e-03
7.469772079089326300e-01
-4.528019772982716500e-01
-7.254182553944756900e-01
5.184001582708197600e-01
-5.475120493206989700e-01
5.859027877060718500e-01
5.974516542841791200e-01
4.182113934571715700e-01
8.741092281193262300e-01
2.470471365939031200e-01
-2.880619807678737000e-01
-8.815346011355944300e-02
-9.535456269660599300e-01
4.048001233216619300e-01
5.685745132463649900e-01
-7.161423622754253800e-01
-4.782068073134745900e-01
-8.782461921431461400e-01
1.369461615947603900e-03
-9.861942204061927600e-01
-1.043630718778226500e-01
1.285663597744226600e-01
-3.872691462440575000e-01
8.782232421927850300e-01
-2.806181484505087500e-01
1.628938235744682400e-02
-7.068996179794089200e-01
7.071262872521277800e-01
5.049542630155818400e-02
8.550466528235818300e-01
-5.160866530126634300e-01
3.144658453073950200e-01
-9.462281083477189800e-01
-7.591837134582625500e-02
3.133451578566250100e-02
9.987064140489009300e-01
-4.004555728246827300e-02
8.759294055055054700e-01
-3.788840170961811900e-01
-2.986546134916262500e-01
-7.740440268357173800e-02
-9.550655430763248500e-01
2.861090122200347600e-01
7.986186650892974600e-01
5.953177122532711300e-01
8.834618977930018500e-02
-1.348082855745829400e-01
-6.568488667195512300e-01
-7.418735016360155100e-01
-2.466024895780229500e-02
-1.900451578784009500e-02
9.995152327508616300e-01
9.842423123974629600e-01
1.259744802196300900e-01
-1.240866665677222600e-01
-9.241217230641249900e-01
3.804679394675389300e-01
3.525887120028090700e-02
7.778037277126616000e-01
4.872870707427441300e-01
-3.969542440171706100e-01
7.206349086785458500e-01
-6.910152629288399700e-01
5.642016300269082200e-02
-3.312159221741765000e-01
-3.857301077296994600e-01
8.611087601976561400e-01
5.875197378139034300e-01
-3.996477546807269400e-01
-7.036350118191503400e-01
-1.126305829864557700e-01
-9.368472503988313200e-01
-3.311066009554634600e-01
4.691774647775096000e-01
8.477852461773995900e-01
-2.472502434960882300e-01
-6.274551970658442900e-01
7.658785736666287000e-01
1.404634688217291100e-01
3.234874554747130800e-01
-3.535760518162890400e-01
8.776900601764272600e-01
-1.640947367482537000e-01
4.437409335670627300e-01
8.810033491698843200e-01
-6.276848475866488900e-01
2.125077108637260000e-01
-7.489006642630146000e-01
8.136350483835427200e-01
2.626246424225358500e-02
-5.807824816691999900e-01
1.588271406925232100e-01
-3.065217562511892700e-01
-9.385192338594473500e-01
-6.652167999736692300e-01
-2.804154273908621700e-01
-6.919926279332689900e-01
-8.800748954864596700e-01
-3.980762792835151900e-01
-2.588502544064620900e-01
