9.690280988820529900e-01
-2.469500060997037200e-01
4.879184261936574100e-04
-8.217411095944120400e-01
-5.226794647258173900e-01
-2.270412428535341900e-01
-3.299339884982989100e-01
6.508588013216009000e-01
6.837590101606071400e-01
-7.040802187579743300e-01
3.468124740440062200e-01
6.196710041636600600e-01
-4.902140078489274100e-02
3.452739650552246700e-01
9.372207804568412100e-01
2.879638547305643200e-02
8.389243134488442200e-01
-5.434857537121581300e-01
3.330873357120763300e-01
-9.426038377284846600e-01
-2.346980800439668300e-02
4.271486906887056500e-01
3.383942996345125100e-01
8.384708068965742700e-01
-4.431740885836818500e-01
-7.670440748215493500e-01
4.639397746358641700e-01
-4.148856348486409900e-01
-3.987441406236073000e-01
-8.178465750460663900e-01
-8.132094414863645400e-01
-5.198760868094278700e-01
2.615707526485932500e-01
-5.776385051596260000e-01
-3.782571209338314600e-01
7.233638834084832300e-01
3.732052425752138700e-01
5.580974125543826100e-01
-7.411107373493377400e-01
-1.258916087240836100e-01
-4.205144741520766600e-01
8.985092541991234200e-01
-4.456483081288348800e-01
7.390893950033098300e-01
-5.051182551200744700e-01
-7.885634149801952200e-01
-1.936571407623294800e-01
-5.836648459403150900e-01
-4.562940813512503200e-02
-6.979769273676111900e-01
-7.146650725869474500e-01
1.527559043607932800e-01
7.103243852012494100e-01
6.870989022487107300e-01
9.392805411902294100e-02
9.918218622697377900e-01
-8.641130813269409800e-02
7.733315211669572500e-01
4.477753172745055900e-01
-4.488380817280504500e-01
-9.914386549367129000e-01
-1.304717327212121500e-01
5.149801744364713800e-03
-3.863209002354433000e-01
9.205512933668917900e-01
-5.780552155131495800e-02
7.398922963095958500e-01
6.716180361511612200e-01
3.858242317650455900e-02
-3.087322616076947900e-01
5.727779166847595700e-02
-9.494227958207980300e-01
2.016057653820261300e-01
-6.962524950210995100e-02
9.769889661590331900e-01
7.907352191218480800e-01
-4.239410060814896000e-01
4.416014454266845000e-01
3.675834494482743700e-02
-2.849241240661257200e-01
-9.578450123073503100e-01
6.382581076510877000e-01
-9.339727677308330700e-02
7.641358103825686100e-01
9.671447662038691300e-01
2.500285822663199700e-01
-4.600770864059244200e-02
-6.313220804654422500e-01
7.121659154808989100e-01
3.070051132213258400e-01
-7.628775849212149400e-01
6.280339073236936900e-01
-1.535942761840711500e-01
-8.757251942742347900e-01
-8.473858133644626700e-02
4.753154288958442700e-01
9.193375429907626500e-01
4.238080887778126300e-02
3.911807115471986300e-01
3.791604755600119200e-01
8.784340459811905700e-01
2.908452520400174300e-01
-5.326183812316183100e-01
-8.463223219537985300e-01
-7.495821298670467400e-03
-9.291501785626271600e-01
3.190507756346219200e-01
1.867794106532739100e-01
7.302948428642428400e-01
4.804126695409332000e-01
4.856676944480095000e-01
-1.052823235514425800e-01
-9.772137465456223200e-01
1.843066084270383900e-01
9.000190830070785600e-01
-3.481826820866083800e-02
-4.344575219996165700e-01
7.559388986688864200e-01
-4.992077244451995100e-01
-4.234950168933714300e-01
-1.170208938039105100e-01
9.303577063599025600e-01
3.474775512606177500e-01
7.363860006895957000e-01
-6.759316811794768800e-01
2.918938790500496700e-02
-9.181926898188564900e-01
2.058468092278697700e-01
-3.384512896916160900e-01
6.064837853616252800e-01
1.334861818040218000e-01
-7.838104728573214200e-01
-4.355097401473173000e-01
5.256980755594093500e-02
8.986476960246143600e-01
3.599290296602947200e-01
-4.911707231559212500e-01
7.932228024472621800e-01
4.937783122632717900e-01
-3.393253363345527000e-01
-8.006505445323057700e-01
4.628068383138295200e-01
-7.822618602701169000e-01
4.169846668364355400e-01
1.863291829773551500e-02
-7.883074195445600700e-01
6.149993712571639700e-01
3.722388288497037700e-01
-7.918273561863647900e-01
-4.841979887313792000e-01
-4.683296282143653000e-01
-7.428670970724696700e-01
-4.783469822458552600e-01
-1.761374925896393400e-01
5.123546350182006700e-01
-8.405166932783674200e-01
1.600055090615760700e-01
1.854055725239559200e-01
-9.695478382973220500e-01
-6.677064326674500600e-02
-9.515416182221792000e-01
-3.001836604295140000e-01
-6.255076956856332500e-01
3.339077843572573200e-01
-7.051565175077635400e-01
4.696656728153010300e-01
8.149418486773319900e-01
-3.395348863567975200e-01
