1.272017215942770300e-01
-8.282613625701686900e-01
-5.457131456148549600e-01
1.272017215942770300e-01
8.282613625701686900e-01
5.457131456148549600e-01
-7.924432042767676200e-01
-6.099457090557890400e-01
-2.741585411849682600e-20
8.379720535542102300e-01
-1.947788276596200700e-27
-5.457131457662900400e-01
1.272017215942770300e-01
-8.282613625701686900e-01
5.457131456148549600e-01
8.379720535542102300e-01
1.058131978332546100e-19
5.457131457662900400e-01
-5.103133233369202500e-01
-3.373110909106216600e-19
-8.599885534266302800e-01
-7.924432042767676200e-01
6.099457090557890400e-01
-6.234852139790438900e-20
1.272017215942770300e-01
8.282613625701686900e-01
-5.457131456148549600e-01
-5.103133233369202500e-01
1.058052789347472700e-19
8.599885534266302800e-01
