-1.822004584146459400e-01
-7.640050801065773100e-01
-6.189501034209749000e-01
1.086733009976705900e-01
-9.225554446832090500e-01
-3.702452769930175700e-01
-3.774945614012202900e-01
-5.189211952867627300e-01
7.669541376084084700e-01
7.229269428596124500e-01
4.823941264821941500e-01
-4.946438537201646700e-01
5.199478231129741600e-01
-5.540433849517885100e-01
-6.501462826404867900e-01
-1.289992509643598900e-02
-5.323050821968250400e-01
8.464543055593361000e-01
-2.228557620817319700e-01
7.369723025546719400e-01
6.381278356052458900e-01
-9.285435618470222500e-01
-3.420292214828426500e-01
-1.443013007712879400e-01
-4.663409771905509500e-01
-7.422696564833654000e-01
4.812087385501523900e-01
1.143987844955650600e-01
-2.045481148619684700e-01
9.721486444018488900e-01
4.082043117977498500e-01
-7.146331699340999200e-02
-9.100891352796300900e-01
-2.898522142015480000e-01
7.652473286461004600e-01
-5.747888481194353100e-01
-1.340781122203326400e-01
9.479506823468547600e-01
-2.888123329457458200e-01
2.547447009446857100e-01
-7.468744814649499500e-01
6.142341949753895600e-01
-1.880897659698387600e-01
1.591742619512189500e-01
-9.691675780120258000e-01
8.699938906602027200e-01
8.561161192809314800e-02
4.855731480601012100e-01
6.790719994120393300e-01
-2.199931028826985500e-01
-7.003315317037908100e-01
-8.476004279978949200e-01
-1.205772545517738900e-01
5.167539454542580100e-01
9.632206724646161800e-01
-1.573694781852773600e-01
2.178090527790481300e-01
4.380732077818171900e-01
7.198064044246901300e-01
-5.384891872386559100e-01
7.834333658883075900e-01
4.451192504916354800e-01
4.337061379029378300e-01
6.842267317543141100e-03
-1.587908092388542500e-01
-9.872885405387957800e-01
-6.770490621354678900e-01
-1.303944510115174500e-01
-7.242940387763027200e-01
8.022432551883865700e-01
-5.365404078384803400e-01
2.617826393427543600e-01
4.719292568023292800e-01
5.439270043839616900e-01
6.938488239349339700e-01
2.264399906839066600e-01
9.095264792606389000e-01
3.485491559921195500e-01
-4.863124470813640100e-01
7.875978320375128800e-01
3.784043588326451700e-01
-8.070126356267190400e-02
1.133135043541033500e-01
9.902764037330087400e-01
4.588411671712817600e-01
8.866765353964823900e-01
5.717958452268229200e-02
-7.130202335671339500e-01
-6.687331907770209800e-01
2.107084860110158000e-01
8.970725283714867700e-01
4.065395937991980700e-01
-1.731659248084659900e-01
-7.936308301921740600e-01
2.325711101050650400e-01
-5.621928353447582800e-01
3.333390172263611700e-01
9.598709540955499600e-02
9.379080856402726200e-01
-9.979746810267443600e-01
-3.342594889027839000e-02
5.412247195345400200e-02
9.932307809725274800e-01
7.409792031580970600e-03
-1.159211400511226700e-01
5.861914025693835100e-01
-5.827819783998528000e-01
5.628008575029828100e-01
3.614256480361941500e-01
-9.314631393746130000e-01
-4.180814427844726400e-02
9.157839147635112900e-01
-3.963525942754658200e-01
-6.514938581081219900e-02
4.621641289824583400e-01
-8.024667103119088600e-01
-3.774274721361292600e-01
2.788650384273103600e-01
9.221606808676489100e-01
-2.680559064908830100e-01
-4.603881368491653000e-01
-4.835064157628684600e-01
-7.444892943251089100e-01
-9.205604544321196500e-01
1.982275645327842000e-01
3.365624494727988400e-01
-2.000368368869465100e-01
4.467761385799514100e-01
8.719956111608895300e-01
-5.179476019836886100e-01
-7.202335775929876700e-01
-4.615125949602595900e-01
-5.878613883365863000e-01
5.417640693975930300e-01
-6.007584216744210600e-01
-6.866944540974774200e-01
-4.536016343683494400e-01
5.680636267269096900e-01
-2.557767691561280100e-01
-9.225353575449656300e-01
-2.889753595714263900e-01
6.561053999638533100e-01
1.506393804077146800e-01
-7.394819005281009200e-01
-5.207640936393746800e-03
-9.997194513850057300e-01
-2.310625452860731700e-02
6.438988569786778800e-01
7.306219048312951900e-01
-2.271252829656841600e-01
-2.577631410090520100e-01
-2.119730138946547000e-01
9.426694036180257600e-01
-5.229878204176613400e-01
8.030762210834694300e-01
-2.855736732002417400e-01
-7.523692023248405000e-01
5.262116511585173100e-01
3.962851013829691300e-01
7.472304384002153000e-01
-5.624310018931166800e-01
-3.540028813974924700e-01
-3.598901081028957300e-01
-1.683355003139124200e-01
-9.176830985823760700e-01
5.759313793758592500e-01
-1.537217281148992300e-01
8.029151116746956500e-01
7.750435719497886800e-01
6.230348326475574300e-01
1.055227884731212000e-01
7.945611935090851600e-02
8.198385177759882600e-01
-5.670551382965899300e-01
7.414353318596485200e-02
5.539932793066298900e-01
-8.292129901115805600e-01
-4.805506171044292000e-01
-8.769485373777142800e-01
5.689217137708877200e-03
-8.993492419905486600e-01
-9.862872601959850300e-02
-4.259616359894123300e-01
-2.251984839899872400e-01
-9.356540752463075000e-01
2.717298185396453400e-01
-6.662055229235068800e-01
7.438005932037297100e-01
5.413759115436157100e-02
-5.940747143601626800e-01
-1.657594964753189000e-01
7.871461256248041300e-01
6.102867395555957400e-02
9.978067998675147500e-01
2.563378811989229900e-02
-7.458068584053135800e-01
-4.284344377207286400e-01
-5.101137741038951300e-01
-7.268392915231274300e-01
2.042807410013803000e-01
6.557240449717283100e-01
5.554885165212836200e-01
7.368804356781150100e-01
3.852787711875844700e-01
-5.301322731096006500e-01
1.979430938739575300e-01
-8.244866915816492200e-01
1.726613083437766300e-01
4.291205320545795600e-01
8.865910227214179900e-01
1.843095714502111500e-01
-7.167740488626203100e-01
-6.725064644662723800e-01
-1.155583042828882100e-01
-7.923874299640321100e-01
5.989728200396573500e-01
8.000524795585697300e-01
-2.782974363264219000e-01
5.314758384784068500e-01
-9.080016394074574800e-01
-3.508111250345037900e-01
2.290514732224956100e-01
4.280690681838609200e-01
4.422940345824056300e-01
-7.881198258114173700e-01
4.984273631622862500e-01
-8.181988663872938900e-01
2.865672324143802000e-01
-7.899412078029249800e-01
5.419955343186093600e-01
-2.867642393910745400e-01
9.537030697266484200e-01
2.530718034356311300e-01
1.624965141158567800e-01
-9.514021759507331800e-01
2.111840761938574300e-01
-2.241320716862209600e-01
-1.457585142442237000e-01
9.327761658549664800e-01
3.296711694070694800e-01
1.493783861573098600e-01
7.300960379589603900e-01
6.668177210495129800e-01
8.923105697785304000e-01
-2.206766043005277100e-01
-3.938066573534567700e-01
6.782539738467340300e-01
-7.342261769810826100e-01
-2.972318954718514200e-02
-3.489136417040464800e-01
9.370113684557902500e-01
1.640018345713256700e-02
6.326291070887692900e-01
2.108111626162881600e-01
7.452107531299019300e-01
1.459243829337768500e-01
-9.385369305525876900e-01
3.128170462975504200e-01
1.801449867394512300e-01
2.201811412165425300e-01
-9.586803684259024300e-01
-8.926034715874332500e-01
4.469089371769087200e-01
5.942595713548299400e-02
3.506274946727324100e-01
-4.509543085669436800e-01
8.207926483372234300e-01
-2.930408315469215700e-01
4.864122266190138400e-01
-8.231222368772586100e-01
-1.066752882957518700e-01
-4.923995648056073700e-01
-8.638072999496280200e-01
-4.363830148728860500e-01
1.580215028369614500e-01
8.857759699673495300e-01
-7.335170213245376700e-01
-6.599234963832704100e-01
-1.626461138436986200e-01
2.576599576260267300e-01
-4.112957724297708300e-01
-8.743266745430751100e-01
8.837504949345736900e-01
1.493042493773963100e-01
-4.435011880714058200e-01
-5.172061478670747500e-01
5.117991660392166000e-01
6.859733334832076600e-01
