-2.022761349868499000e-01
-9.189992382639590200e-01
-3.384150783949274000e-01
5.388990632791159600e-01
-2.743847574731659300e-01
7.964300373939213800e-01
3.743645819590202800e-01
3.320482009160619600e-01
8.657916331560697700e-01
4.617747815206841900e-01
-7.039996618682982100e-01
-5.395818077371088400e-01
8.301442819873345900e-01
1.252974584294527500e-01
-5.432872334178785500e-01
-4.650431446488383400e-01
-7.196661964721207100e-01
5.155729233294458200e-01
4.496868817889977900e-01
-1.157454187362798500e-01
-8.856549589927508200e-01
-4.697705362810052900e-01
-7.472803627930427700e-01
-4.699869175053229000e-01
-4.795039520961459900e-01
-8.656844692598811800e-01
-1.437579897133198800e-01
-5.723018877194607800e-01
-2.358742744950131900e-01
-7.853877233215407200e-01
-3.885394799489618700e-01
3.980594957478452200e-01
-8.310148677165538600e-01
6.669385891450678700e-01
3.585608832676582800e-01
6.531669092196138400e-01
6.985109169596535100e-01
-5.946025755862423000e-01
3.981586065808338000e-01
6.511869126344096400e-01
7.197664604527531700e-01
-2.406072468172584200e-01
-5.085400345038815200e-01
3.272514170358595800e-01
7.964254788458321500e-01
-1.664600838011295600e-01
-7.102883951488484500e-01
6.839454921393913800e-01
4.747392220852039700e-01
6.996559149434856700e-01
-5.339515630640379000e-01
-8.293583064144013400e-01
4.547368796804069400e-01
-3.246215794428384800e-01
2.281647262776226600e-01
8.911659658946795600e-01
-3.921276308979774200e-01
-6.307975238554091000e-01
7.284026719102113500e-01
-2.674397716345677800e-01
-4.940276775231389200e-01
-8.465278498356162400e-01
1.983110014441511500e-01
-8.894391499935206900e-01
-3.516267797813081300e-01
-2.919873391081038700e-01
8.773539153843728000e-01
-4.450812088375562000e-01
-1.793120874325283300e-01
-8.938721306875372400e-01
3.754074556899116300e-01
2.450752051770020400e-01
4.057817617807413200e-01
-9.104585724673407400e-01
8.003967532948706700e-02
8.519279862364235200e-01
4.441886289220137200e-01
-2.773358400992087000e-01
-3.636668479818311900e-01
-1.850402338376980200e-01
9.129657910021875500e-01
-9.817911246151389500e-02
8.639802380734040700e-01
-4.938613267860660300e-01
-4.485427870373899200e-01
6.586874428932267000e-02
-8.913308458268897100e-01
-2.493275477619832900e-01
-2.078652774007742600e-01
-9.458476623527148900e-01
-7.532028947028409600e-01
-6.521556532966176200e-01
8.589763258974661400e-02
-8.938129772876775000e-01
-2.355643150405585500e-01
3.815859210081136200e-01
-4.753397785187435900e-01
6.212150520108988800e-01
6.230120015801043900e-01
4.116243109074969000e-01
4.701000512630427700e-01
-7.807505161525114500e-01
8.673726509462128500e-01
4.938304698231427100e-01
6.161291637955049200e-02
-1.385993562689597200e-01
2.076350176200676700e-01
-9.683377086015726400e-01
5.079332479047427000e-01
-4.330491446384957000e-01
-7.446289371229180000e-01
-8.152838118694627500e-01
-1.489035417737501800e-01
-5.595891719385135400e-01
6.890823796938369000e-01
4.358057192723222000e-01
-5.789981425229384600e-01
8.600711009648351300e-02
4.536588706275511100e-01
-8.870154486331036600e-01
-2.546115086551807800e-01
9.641375940451238900e-01
7.491114342481211600e-02
9.047575270964134400e-01
-1.737663995804920300e-01
-3.888689439119758500e-01
7.094807415698058100e-02
-9.872125576259595000e-01
-1.427506106432731600e-01
9.814213414034807000e-01
1.551330025798723900e-01
1.128977508560110400e-01
-7.104346188201043900e-01
1.515970751201890500e-01
-6.872415726634535400e-01
-4.142930497298732400e-01
-5.360968758435730200e-01
-7.355007876653032500e-01
6.638948960458760400e-01
-7.002056060706053400e-01
-2.625941283264574500e-01
-3.848253558982536000e-02
-1.113330541468835600e-01
9.930377865463655400e-01
-6.930627756297107500e-01
-4.690636187042314700e-01
-5.473968493191504500e-01
4.762156295747937400e-01
-5.822217354869779800e-01
6.589662547317688400e-01
-9.617654822122521100e-01
2.642074091667904700e-01
-7.212213367896327900e-02
6.482784430811992000e-01
7.547409109027538600e-01
1.005048140433972600e-01
-9.630663322404270400e-02
-5.022909382300870800e-01
-8.593188266115137100e-01
8.225689237244603300e-01
6.605015962006377500e-02
5.648165561816925800e-01
-5.662535410499787100e-01
8.223277996934620400e-01
5.598139958655624900e-02
4.075626837293981900e-01
8.538795489235222500e-01
3.237010577082700100e-01
-6.947005527900009800e-01
6.444415702818870900e-01
3.195093182457792700e-01
6.629686391325511100e-01
6.221555191604087900e-01
4.164073648543881200e-01
-9.147653943812172900e-01
1.278416779574257100e-01
-3.832241884584087200e-01
-1.636314598420332000e-01
6.432343810906783200e-01
-7.479801309746518800e-01
8.615891160783499800e-01
3.463148162121072500e-01
3.711202542671340200e-01
1.020640116664138600e-01
-8.492948632384762500e-01
5.179586593535203700e-01
-9.308752695201363300e-01
-3.596740761744189900e-01
6.407645061871063100e-02
8.873781922539623100e-01
-4.312012831290437700e-01
1.631729062680328000e-01
-2.154432994783480300e-01
-9.754566744030750400e-01
4.548033720605082500e-02
-6.199750884110951700e-01
3.165234963895778600e-03
7.846151101255176600e-01
6.070013383015387300e-02
-7.007073083184384200e-02
-9.956935203332865100e-01
-9.779057775270992800e-01
4.549348511753653600e-02
2.040358622668576000e-01
-7.370030404800246300e-01
3.935986688446425100e-01
5.494602862873029200e-01
1.092658599418755000e-01
-8.735546758695222900e-01
-4.743028569570885100e-01
2.137693554752504700e-01
-3.637198607715616500e-01
-9.066479611955303700e-01
-4.187115856275394100e-01
7.324285581850571400e-01
-5.368696445285672200e-01
-9.903368563334215000e-01
-7.456203898260374600e-02
-1.169333713291162000e-01
1.810550755653601600e-01
-6.578708414666070100e-01
-7.310437849814743800e-01
2.787987122749158200e-01
1.454777440017726600e-02
9.602393661446350100e-01
-3.381605697170969000e-01
9.065424109220120400e-01
-2.526426058453214400e-01
5.929800145833819000e-01
1.791004559414063300e-01
-7.850463228283237600e-01
1.213753479359923800e-01
5.710634553182495400e-01
8.118833382410298700e-01
2.226532627011972300e-01
-3.213833408888031000e-01
9.204011477652899200e-01
-7.363218986396498100e-01
-5.389233458076383400e-01
4.091352941597707300e-01
-1.561868009304277500e-01
7.436940491261192500e-01
6.500191108802235700e-01
4.306891541592242600e-01
6.066527804353023500e-01
6.681910329237655800e-01
4.037037791437012600e-01
9.096119276351112300e-01
-9.812950529290813400e-02
7.396928621169253100e-01
-4.579189437961934100e-01
-4.931173396321103000e-01
2.873439160883018400e-01
1.812799955468788500e-01
-9.405163672693647200e-01
9.434666046293730400e-01
-1.250010200469582100e-01
3.069943174333073000e-01
-6.866615141988091600e-01
-3.085600590031553600e-01
6.582451328389509200e-01
5.828047112472096700e-01
6.543575708925648800e-02
8.099733515630083100e-01
-8.435013411562239900e-01
6.806904022310966700e-02
5.327964838761193300e-01
-8.084043696276862500e-01
5.885493925807742100e-01
-9.591019740627648700e-03
-2.045261008263247200e-01
4.741210142119505200e-01
8.563751152172811600e-01
1.555600229850847000e-01
9.794998519238624600e-01
1.279887468881999700e-01
9.872888572150605400e-01
-1.557398012582023000e-01
-3.171477136975100300e-02
-1.497988100022917600e-02
9.854248364932801700e-01
-1.694505673859228200e-01
-1.039856367278895000e-01
-4.333941099838098400e-01
8.951851946863491600e-01
-8.241887115670559800e-02
9.257818298814017900e-01
3.689649483876452100e-01
7.163736702410100600e-01
-1.693280741327880500e-01
-6.768580116212746800e-01
1.645897302745368600e-01
7.150576581784653400e-01
-6.794135457646427500e-01
-7.187294657898220000e-01
-6.467480706868996600e-01
-2.552349663902857600e-01
9.099338850365093500e-02
-9.756880458770143000e-01
1.993816450461703100e-01
-4.131418539656399600e-01
8.353933572793218500e-01
3.625351667292668900e-01
-6.359854452220272700e-01
4.765626650855254200e-01
-6.069683185408619700e-01
1.536237985836174700e-01
-6.210151954188786200e-01
7.685960288523433500e-01
-4.163931852081325100e-01
-4.902050045800481800e-01
7.657125888980153000e-01
7.783415466629275400e-01
-2.988074393812150100e-01
5.521761955289303800e-01
-1.677670493890527600e-01
-7.528821190660541800e-01
-6.364139627081566400e-01
1.706341110799165000e-01
8.059104235113741000e-01
5.669147990762673000e-01
6.903701787895437600e-01
-7.191553334790153900e-01
7.876942659928301600e-02
4.240455308967730500e-01
-8.089905817322399200e-01
4.070867553667230100e-01
9.656159848658437700e-01
1.244125989668871500e-01
-2.282701798086453300e-01
-2.076186761110623000e-01
-9.013053275945700500e-01
3.801883635509307200e-01
-2.667963570111581100e-01
1.414206645246376100e-01
9.533204600400564400e-01
5.074094682721504200e-02
2.706288967099380600e-01
9.613455968488333600e-01
3.773350039030345900e-01
-8.885402974502343300e-01
-2.609874223723167600e-01
