-3.037833923998409800e-01
6.207868120024382400e-01
7.227305061680277000e-01
-5.488643612282171300e-01
-7.422439176180950500e-01
-3.844761107435463700e-01
1.068056054362160800e-02
9.927551426469151100e-01
1.196793732210248000e-01
-8.017349351037407200e-01
5.252569790129701900e-01
-2.851774882987243000e-01
-7.278387990993405700e-01
6.808178212956789200e-01
8.208396147747155900e-02
-6.681379373970043300e-01
-6.454675844963793100e-01
3.700855225151158400e-01
3.671821898655027200e-01
4.168180900029252500e-01
8.315286641432676500e-01
3.568417117023830300e-02
-8.713277355522349700e-01
4.894023060686450400e-01
1.116657839892472700e-01
7.178203348780473100e-01
6.872151915678487200e-01
7.905841512804653300e-01
7.590671038890174600e-02
-6.076305382895774700e-01
1.264815024659499400e-01
2.712261233922328400e-01
-9.541691776218603800e-01
-1.198890393393439000e-01
-4.046709239831452500e-01
-9.065693914582142500e-01
-5.469896461415948400e-01
-4.593993497011891700e-01
6.998246669759629100e-01
9.788925135222288400e-01
-1.031679700781826400e-02
2.041151897082442400e-01
2.618174784921879500e-01
-4.792039029028736800e-01
-8.377441300293581000e-01
6.556770711771299200e-01
4.471093451190756300e-01
-6.084248612933008700e-01
-5.329455614514669900e-01
7.336851492583794700e-01
4.215152788297125700e-01
-5.341959640839432100e-01
8.116602052466030900e-01
-2.363099303361348700e-01
-7.958414611613692800e-02
5.770766346401020600e-01
-8.128031258794590200e-01
-1.818755989132610800e-01
-8.180165876415492800e-01
-5.456831762691776200e-01
3.601908005320113000e-01
-9.311654715413452100e-01
5.651063458582929200e-02
3.713820514977568800e-01
8.949120336784124300e-01
2.474021499560696800e-01
5.615207457655818600e-01
-5.720682915107483400e-01
-5.978564392250352900e-01
-4.276941327112158700e-01
-5.572543066786794800e-01
-7.117200057132476700e-01
-5.907482126489264100e-01
5.038355423142916200e-01
-6.302113102388455800e-01
-5.388882926842871600e-02
-6.156096261989211200e-01
7.862065773136871500e-01
-3.791685857105280800e-01
2.541014409322106500e-01
8.897548209065531100e-01
1.356851191194080000e-01
-3.062410250613683000e-01
9.422345690001585600e-01
-9.051040427114844800e-01
-4.125752967960605300e-01
1.028022195332869400e-01
-8.228024706622124600e-01
8.531375852692321700e-02
5.618875838441074200e-01
-9.757435620114871500e-01
-3.939763921020934100e-02
2.153423488722029900e-01
4.797589358090167400e-01
-8.230344488119241100e-01
-3.040487782910041800e-01
8.018585511197976500e-01
5.409689640553926300e-01
-2.537231639501886800e-01
-9.766001541336787300e-01
-1.341759546023908500e-01
-1.680742459528294700e-01
-2.500221736731677800e-02
-9.926429627806354600e-01
1.184687197904981700e-01
6.691128028332741200e-01
-5.165258830593737500e-01
5.343117715475995700e-01
2.457076256927924200e-01
-1.051882279198444000e-01
-9.636198417340178200e-01
8.224144682767773300e-01
-2.980381795740764100e-01
-4.845695882793269500e-01
4.959312040212050000e-01
1.784189585248660800e-01
-8.498346404548241500e-01
8.278245300878999100e-01
-1.548923158536231700e-01
5.391798567029829600e-01
-2.024596930664899000e-02
4.178800955346448900e-01
9.082765693789477400e-01
4.825667550261803500e-01
6.760758734647915900e-01
5.568220005193056400e-01
-1.654024037165622900e-01
8.757042939850655500e-01
4.536342517280869700e-01
-1.388457139792967600e-01
-1.911897153795885700e-02
-9.901294524641260900e-01
8.896899885568503300e-01
-3.941714174660511100e-01
2.303923130543114300e-01
-2.584906890299377100e-01
-3.007754103712655400e-01
9.179960327805478700e-01
9.568581006065234300e-01
1.392381772911124900e-01
-2.550202056471705900e-01
-2.752972461311813400e-01
-9.437580139949094400e-01
-1.831180965742386100e-01
5.825979926464027700e-01
-2.088939445184651900e-01
-7.854571273518997600e-01
-1.675439319602746700e-01
9.583950310077534700e-01
-2.311016992644973600e-01
3.122019205401780900e-01
5.637715714017339500e-01
-7.646512774397517000e-01
-3.380784344855873900e-01
-7.610320689800348400e-01
5.536543706318429700e-01
4.652923788678450800e-01
7.581715725383747500e-01
-4.568138228668105500e-01
-6.912582171170508200e-01
-7.224168224833891200e-01
-1.661360470095810500e-02
7.223564937148975200e-01
6.469134504986177000e-01
2.443441907471749800e-01
5.746819098878523900e-01
8.143104186178525800e-01
-8.148155974248567900e-02
9.648862498958001900e-01
-2.325823710313042700e-01
-1.220654146246034400e-01
-8.277861861406014000e-01
-4.774170903307307100e-01
-2.946912823531375700e-01
-9.639671819538406800e-01
2.632761619121721800e-01
-3.811738035026456700e-02
-6.677646606853170400e-01
1.222615699310312100e-01
-7.342632133355333500e-01
8.288795866108784600e-01
3.287179763630241900e-01
4.526622614218878700e-01
-5.717416145943425800e-01
-8.280186156792457300e-02
8.162446801431176800e-01
3.236468578153139400e-01
4.111042581961597800e-02
9.452844250886628400e-01
-6.370512698408009600e-01
4.241434232916924700e-01
6.436365714225903400e-01
-8.283558855220749500e-01
-2.995600271600616400e-01
4.733817878296569500e-01
-3.024975951216206700e-01
7.755305233862244100e-01
-5.541187708803275700e-01
1.134810106777119200e-01
-9.614626027714966400e-01
-2.504230893656262400e-01
6.814476780708830200e-01
-7.179430647992710600e-01
1.420803215031264900e-01
-8.612348553570290400e-01
3.949884073851313600e-01
3.197791143109801600e-01
4.191986986947651200e-01
-8.022077623925351100e-01
4.251295766819543400e-01
-6.787137642044613300e-02
3.598488875786019100e-02
9.970449157605080200e-01
-7.627612709964614000e-01
-2.373910614263841600e-01
-6.015319837071987400e-01
-4.016487642261964400e-01
-8.962766962088464200e-01
1.880594428060568800e-01
6.524336846961648100e-01
1.320798548906790500e-01
7.462474113897098500e-01
-3.496569588493536600e-01
2.988537003193980600e-01
-8.879338246365124900e-01
9.306077133901790000e-01
3.588226497396994100e-01
7.221904051206680400e-02
2.090055947704972100e-01
-7.810073088992132200e-01
-5.885101909063595900e-01
-8.953347597452312500e-01
1.638749482335157500e-01
-4.141505394580715100e-01
5.463481718985092600e-01
-2.505366973804534800e-01
7.992090079127313100e-01
7.820517665991946200e-01
-5.846458316677818300e-01
-2.158339312354913800e-01
2.266979751936784300e-01
9.514137456328717300e-01
-2.083744530020793200e-01
8.922709743954809800e-02
8.258989927307356400e-01
-5.567130130407136300e-01
3.369319605049606000e-01
-5.803737946357423500e-01
7.413791961542980400e-01
-4.687653074651145800e-01
-1.942006958373466700e-01
-8.617106105029849200e-01
-3.773090335982072200e-01
9.195650963702702900e-01
1.097174858567331700e-01
