-7.941044876934105800e-01
3.289288487526511000e-01
5.110810846464987100e-01
3.289288487526511000e-01
-7.941044876934105800e-01
-5.110810846464987100e-01
7.941044876934105800e-01
3.289288487526511000e-01
-5.110810846464987100e-01
-3.289288487526511000e-01
-7.941044876934105800e-01
5.110810846464987100e-01
-7.941044876934105800e-01
-3.289288487526511000e-01
-5.110810846464987100e-01
3.289288487526511000e-01
7.941044876934105800e-01
5.110810846464987100e-01
7.941044876934105800e-01
-3.289288487526511000e-01
5.110810846464987100e-01
-3.289288487526511000e-01
7.941044876934105800e-01
-5.110810846464987100e-01
