-9.779645125740943400e-01
-1.271767011847795600e-01
1.655641833896193400e-01
2.060974584549965000e-01
-4.042999980774971100e-01
8.911034447093821900e-01
-6.545871884540021000e-01
-7.221110223635731600e-01
-2.237661370559006800e-01
-1.904962652322079700e-01
9.715423173211499300e-01
-1.407717961341348200e-01
-7.218839660181466400e-01
-1.528858599000752200e-01
6.749144045347721400e-01
1.757157704203761700e-01
8.164379196874082000e-01
-5.500482627207099500e-01
-7.207184256695841100e-01
-6.087631121442431700e-01
3.316209043362798300e-01
-2.049340088331992600e-01
5.043615831681752500e-01
-8.388214622001788400e-01
5.546399970760127500e-01
-2.622504245776023900e-01
-7.896829670522139700e-01
9.503093289501342000e-01
-2.020989163194871200e-01
2.367872617621876500e-01
6.269988499158738500e-01
-5.620027378588350300e-01
5.394676680240857400e-01
-9.300680878110739700e-01
3.073439043756532300e-01
-2.012786041251823100e-01
-2.416389731422488600e-01
-5.903621990210820800e-02
9.685687024669078500e-01
6.495130726391990000e-01
7.190376992675655600e-01
-2.472196503168642700e-01
-2.154823248259880900e-01
4.965500294107054200e-01
8.408361528739205500e-01
7.505778941923660900e-01
1.429052971457518400e-01
6.451440930501011200e-01
-5.776745588187983700e-01
6.838330081905387200e-01
-4.457179837100871400e-01
7.474619845256741400e-01
2.463329074595112500e-01
-6.169446331653146700e-01
-1.399465132651500900e-01
-8.898921018504987200e-01
-4.341739518776190900e-01
-2.922867188608383500e-01
-9.432385763868063000e-01
1.577005453172449500e-01
2.669999195763481100e-01
1.984720210655257200e-01
9.430375919338471700e-01
5.370613618111025300e-02
-5.296689458525111200e-01
-8.465024859597198900e-01
9.596134100207912600e-01
2.673419837768867300e-01
-8.758063152608412700e-02
-1.940204323521929100e-01
8.849739613134152100e-01
4.232932312559580800e-01
2.886723132347747700e-01
6.935613501226792800e-01
6.600310213828517500e-01
-3.303646911053179600e-01
-5.772908424629069600e-01
7.467224746044243100e-01
1.279876134836934200e-01
-8.386995027339079200e-01
5.293413973124000400e-01
-8.919657174787054600e-01
-2.301890888868239300e-01
-3.891145617940198800e-01
4.519251531514330600e-01
-7.410374922561416800e-01
-4.966156371075952100e-01
2.761701080218500500e-01
2.135695155565750200e-01
-9.370795769090956000e-01
3.017446814854280500e-01
9.420708878887458200e-01
1.464670249160812100e-01
7.321054732805975000e-01
6.056830631913592300e-01
3.117203922680139600e-01
-7.112031428749626700e-01
4.083742509205770000e-01
5.722067465084915700e-01
2.518424858966756300e-01
-9.676862374331923800e-01
-1.259794347399531700e-02
-2.287782254197399900e-01
-5.000219054442245300e-02
-9.721935530101781800e-01
7.401585438047287900e-01
-6.723737158344225100e-01
-8.883483994171756400e-03
9.082338271128610500e-01
-2.407657586664256100e-01
-3.422618365253510800e-01
-6.768473980235593100e-01
1.886736939073751200e-01
-7.115334405466011700e-01
-5.004708409201722400e-01
-4.830088138221347900e-01
-7.184924656242333000e-01
-6.547737013773231600e-01
7.468379096072946800e-01
1.162090218444617200e-01
