-3.210244845721259600e-01
-4.849458360912926000e-01
-8.134929725344394200e-01
-5.978746944973184500e-01
-4.525321654375159500e-01
6.616347095823880100e-01
-6.964346165078856300e-01
-6.536065003610485000e-01
-2.962724550397778400e-01
3.284095045557027800e-01
-3.344622447536913000e-01
-8.833358388245095000e-01
-9.614132622037160300e-01
-2.356743404733769600e-01
1.419230231542711600e-01
5.699893443292901600e-01
-3.366659989140795600e-01
7.495119428843352000e-01
9.285638948668947200e-01
6.443680839874538200e-02
3.655365793911822800e-01
-5.395868322878475400e-01
5.316538646814422700e-01
-6.528324582853192200e-01
3.851160374221730400e-01
2.848294861892065600e-01
8.778142181107777600e-01
8.151746048270339700e-01
-5.551600634520479400e-01
1.651897926416985000e-01
1.467992694938940800e-02
-6.939466411858477000e-01
7.198767664896826800e-01
-9.215989780700116800e-01
3.666564657051825700e-01
-1.273513242055006600e-01
9.952068484910316100e-02
6.860028591348398300e-01
-7.207605084533909000e-01
8.815404118907508300e-01
4.371367526902191200e-01
-1.783198296627041500e-01
-1.349565636572244700e-01
1.262992457157504600e-01
-9.827691623455968600e-01
4.065497273805252500e-01
8.967744855607801000e-01
-1.746792523856770800e-01
-3.756955733828559700e-01
-8.984490355914522800e-01
2.272491288989169400e-01
3.682434597075472100e-02
9.273529828014298600e-01
3.723713372872799500e-01
9.049605956219815000e-01
-1.919765711745845800e-01
-3.797253171590726500e-01
-1.359897392335470400e-01
-1.074522505569981800e-01
9.848658815663318100e-01
-2.382290053604866100e-01
5.238474476091943300e-01
8.178207582583640900e-01
2.811256176532041500e-01
-9.446091072565111500e-01
1.693576735408281700e-01
-7.675306487943531800e-01
1.845178243979372600e-01
6.138809946893383200e-01
5.366704768845299600e-01
-7.402666451004780200e-01
-4.049569031294739700e-01
5.994973539666962300e-01
2.553166322467498300e-01
-7.585620211196362200e-01
-2.511500969877781300e-01
9.420523517788576000e-01
-2.223982807733754500e-01
-7.950475388037233600e-01
-7.582505678085292600e-02
-6.017889761422372500e-01
6.401590763553295400e-01
6.584065102474123700e-01
3.958500021772329800e-01
-9.765402063386174900e-02
-9.231216772931033500e-01
-3.719006065679498800e-01
-5.945955485304712500e-01
7.434104172651222500e-01
3.062630979557363600e-01
