-9.476914051796328000e-01
-2.052179514558175300e-01
2.444720698749264500e-01
8.503710682661692600e-01
4.830848344829018500e-01
2.085619547004717300e-01
-4.995609516538522300e-01
3.276811928816584800e-01
-8.019126457503652500e-01
-3.344875986220292000e-01
8.899589445240678700e-01
3.099856826204648300e-01
2.420381484495352800e-02
-9.924430055046316000e-01
1.202957030483007100e-01
5.426485704335360500e-02
-8.987314180840469400e-02
9.944738024058507000e-01
5.948684088498340500e-01
-2.881863468134767100e-01
-7.503867040818149600e-01
