-8.468898652610248300e-01
4.900166634216597300e-01
2.065459408636907100e-01
-5.511123203053550600e-01
6.533139970991114200e-01
-5.190915445295080100e-01
4.186211932148977100e-01
-8.909280597415496500e-01
1.760780763084753000e-01
2.038251800798717600e-02
2.165222534474755000e-01
-9.760648885815335100e-01
1.537490149716593800e-02
-9.742774593830712000e-01
2.248266989083377900e-01
6.956940241934870300e-01
-5.130771408070433600e-01
-5.027540872859626000e-01
-5.977513321212045700e-01
7.974165405121185200e-01
8.258453768721144000e-02
1.232521737124584700e-01
5.800526192770524300e-01
-8.052005095285179600e-01
-8.314718094835325000e-01
-5.448373145635073700e-01
-1.086597013312943200e-01
-3.960761185367364700e-01
-2.415784699330311400e-01
8.858688115007145000e-01
-9.503244942027300200e-01
-1.761689609164852600e-01
-2.566083648830087000e-01
5.357371322141811800e-01
5.889987742821215500e-01
-6.050340230607560400e-01
-9.881711135397589500e-01
1.529861082401466300e-01
1.063489779579992000e-02
-7.166968726794028500e-01
-4.836898833324996300e-01
-5.023840059688972100e-01
-7.662402411107459600e-01
-9.416996283897217900e-02
-6.356161664097701400e-01
4.128525833442543400e-01
2.891203477673698300e-01
-8.636910147343497300e-01
2.061259273332837500e-01
-9.631883349124490400e-01
-1.725697933288954100e-01
5.053019984638512700e-01
-6.847093517733813300e-01
5.252075722440739900e-01
7.464065995171569300e-01
-6.374337939762574300e-01
1.911945252727410600e-01
7.119444467914903800e-03
-2.105998402999608200e-01
9.775464289618675000e-01
9.058024513190797700e-01
-1.178036564003673300e-01
-4.069941249244887200e-01
-6.388804906050018500e-01
7.445704656572674200e-02
7.656943691454323200e-01
-8.995053575313894900e-01
1.356486354824599200e-01
4.153186240274737700e-01
-7.990330077526931500e-01
5.677793426849790900e-01
-1.979213746463422100e-01
9.305106734948807000e-01
2.659309774490857300e-01
-2.518543264370843300e-01
6.840996670635442400e-04
-5.969347502821083000e-01
-8.022894963249130900e-01
-1.659538068310306100e-01
7.879714389989092000e-01
-5.929252442933067300e-01
2.278290790222838300e-01
9.466862583032044100e-01
2.277697062643245000e-01
3.681291845272213800e-01
7.421662672374234000e-01
5.600626172797041900e-01
6.576899193838657800e-01
-1.554376192153803800e-01
-7.370774155226156300e-01
-6.427556219410477400e-01
2.951872772395403600e-01
-7.069156115259328500e-01
-3.267805195358004000e-01
5.267114807127707400e-01
7.847225676232798500e-01
-2.263081695653793000e-01
9.588421877288976200e-01
1.714825688495164000e-01
-2.750198354136813600e-01
1.498332750125678800e-01
9.496915708944878600e-01
3.961844980218957000e-01
-4.733678093444377300e-01
-7.867405929552553400e-01
-4.696906856623124800e-01
-3.131824290126117800e-01
-8.254134878712773300e-01
7.087769718322070000e-01
8.074806944029226700e-02
7.007959428264640700e-01
6.183993076057724400e-01
-7.644551128796597300e-01
-1.821830857814413200e-01
6.102911906142306500e-01
7.598641833993139400e-01
2.239443802500049000e-01
-5.112550451001307600e-01
-8.499434682092426000e-01
1.273356969121686200e-01
-4.254148200608944700e-02
8.490497085637250800e-01
5.265973933628795800e-01
-7.981918338139437600e-01
-2.427228352005178500e-01
5.513396609214287200e-01
-3.670729014737533200e-01
7.723805989321898300e-02
-9.269799173162123200e-01
8.783818990537467500e-01
4.656525036905314100e-01
1.077635616591862800e-01
4.342900744229635200e-01
8.916910496892194200e-01
-1.275899806483052600e-01
8.388971536779324400e-02
5.767494438735064600e-01
8.126023594890133800e-01
1.121850862172406000e-01
-7.995502700808593300e-01
5.900287044238232700e-01
3.041608640206694400e-01
-1.022324049174037100e-01
-9.471191604982996900e-01
-8.961953252685348500e-01
2.129559685069871700e-01
-3.892090626438138300e-01
9.980807085481477900e-01
-6.156545611319357700e-02
-6.677861753729590200e-03
8.878628520467811700e-01
-4.372440355411075200e-01
-1.432382956442943300e-01
4.040651572795653200e-01
-1.132011066459747000e-01
9.076986604191761300e-01
6.650566042853560700e-01
-3.304137144116725500e-01
6.697212035056923100e-01
7.356055976802551300e-01
6.318348604590579000e-01
-2.442726218186509500e-01
7.473092030080905600e-01
2.328129687736754400e-01
-6.223560690394208700e-01
-5.450047296372497700e-01
-7.897543587600441800e-01
-2.815277916876766700e-01
7.305820211238686100e-01
4.701910514340071300e-01
4.951467313453116200e-01
-3.628899000700539500e-01
8.994418036160642900e-01
-2.435474539695040600e-01
3.168870635463212600e-02
9.879000948221952100e-01
-1.518197238169922700e-01
9.007788750413774400e-01
-2.794474653653994900e-01
3.324252282544821200e-01
-1.421732047417853000e-01
-5.616580145518832400e-01
8.150626077443911000e-01
-4.047337994152693000e-02
-8.693990492633999500e-01
-4.924501991633318800e-01
-9.017261967639328400e-02
-2.284756846066462700e-01
-9.693646167486313900e-01
-7.645755620611425200e-01
-5.705948587489125800e-01
2.997427514856643200e-01
3.640303623682915000e-01
-7.798186500986321600e-01
-5.092786744331216900e-01
2.307226058202347400e-01
8.432086515113577100e-01
-4.855576682330517400e-01
-9.597271011492709600e-01
-2.351513109400173200e-01
1.537132144052961700e-01
-2.844889611042824000e-01
-8.332566473756218800e-01
4.740774099386561600e-01
-3.735626381182533000e-01
-6.714123714392108400e-01
-6.400440476096204100e-01
-2.756690042277323800e-01
4.716777378908435500e-01
-8.375719143370719000e-01
-2.058178133160852600e-01
-9.704612269281901500e-01
-1.258730898596568400e-01
-4.440946327620460800e-01
7.650496970244843300e-01
4.663463500818767500e-01
2.670880727791577500e-01
-4.959947557651184800e-01
8.262282757401950800e-01
9.264088849055202000e-01
1.339475700385110700e-01
3.518872354162465600e-01
-6.797877748447174200e-01
4.445785103677979400e-01
5.832996908029506300e-01
-5.338090819889230700e-01
-5.485547334140916700e-01
6.435336575775488800e-01
1.363792356250860500e-01
1.971005613538753000e-01
9.708512104356179500e-01
4.564322559713667700e-01
3.953583821742828700e-01
7.970955685194985900e-01
