0.07573973287569109225
-0.19479074434681255328
0.97791618187896536682
-0.20656359946426524724
0.03180283942721037601
0.97791618187896536682
0.13082386658857415499
0.16298790491960217727
0.97791618187896536682
0.40613098898730844014
-0.06252853195178735985
0.91167307872731717389
-0.25721679162524904195
-0.32045548775121351724
0.91167307872731717389
-0.14891419736205939819
0.38298401970300087709
0.91167307872731717389
0.44302871953762786414
0.29184760658345690608
0.84767359767563695895
0.03123308156614632972
-0.52959792901740544698
0.84767359767563695895
-0.47426180110377419387
0.23775032243394854090
0.84767359767563695895
0.37373548160488293039
-0.41373241967752335483
0.83014894729641613770
-0.54517052661238145801
-0.11679821152667870458
0.83014894729641613770
0.17143504500749852762
0.53053063120420205941
0.83014894729641613770
-0.52729965447873070852
-0.45944063642730607875
0.71475126861439228962
0.66153708991630257242
-0.22693457797168470479
0.71475126861439228962
-0.13423743543757186391
0.68637521439899078355
0.71475126861439228962
-0.24865750451221144248
-0.68813734125061857963
0.68164246128471872001
-0.47161566655961128294
0.55941238637452807905
0.68164246128471872001
0.72027317107182272542
0.12872495487609050057
0.68164246128471872001
0.63748070407539013669
0.47710911474478043372
0.60496714337143699700
0.09444826170838947724
-0.79062904152406820322
0.60496714337143699700
-0.73192896578377961394
0.31351992677928776950
0.60496714337143699700
0.43804033485790705672
-0.67756662032783857705
0.59078265043506761964
-0.80581007338922736691
-0.04057074770527038551
0.59078265043506761964
0.36776973853132031019
0.71813736803310896256
0.59078265043506761964
0.72770087264014201890
-0.49229791508481155673
0.47759208825306504943
0.06249206437349020846
0.87635639960487313204
0.47759208825306504943
-0.79019293701363222736
-0.38405848452006157531
0.47759208825306504943
0.88428720539436087934
-0.16865919041594356801
0.43541958599042131816
-0.58820674617910449287
-0.68148558890509242920
0.43541958599042131816
-0.29608045921525638647
0.85014477932103599721
0.43541958599042131816
0.90688912782204348722
0.18789964795304230230
0.37715491795454031319
-0.29071869542153441312
-0.87933884708632375464
0.37715491795454031319
-0.61617043240050907410
0.69143919913328145235
0.37715491795454031319
0.80308372831408287503
0.52257838615858125554
0.28630116247938123659
-0.85410802203904707332
0.43420171700662541773
0.28630116247938123659
0.05102429372496419829
-0.95678010316520667327
0.28630116247938123659
0.55194671822219541856
0.78328886254291067341
0.28603037961024629686
-0.95432141257467558537
0.08635544824441723093
0.28603037961024629686
0.40237469435248016681
-0.86964431078732790433
0.28603037961024629686
0.69898396306319465740
-0.69275006327450838298
0.17753526188798426577
-0.94943113480059887288
-0.25896283721339611025
0.17753526188798426577
0.25044717173740421548
0.95171290048790449323
0.17753526188798426577
-0.79556739463511428919
-0.58582254309223968045
0.15454600803138625996
-0.10955350710992643379
0.98189284572272854093
0.15454600803138625996
0.90512090174504072298
-0.39607030263048886048
0.15454600803138625996
0.99258283199441617068
-0.04647308076347171669
0.11233687904822902512
-0.53653828453050050705
-0.83636540748573003315
0.11233687904822902512
-0.45604454746391566363
0.88283848824920174984
0.11233687904822902512
-0.74018411569031989417
0.67134879159047985693
0.03765999083565445054
-0.21131305047218031956
-0.97669264346077686408
0.03765999083565445054
0.95149716616250021372
0.30534385187029700715
0.03765999083565445054
0.74018411569031989417
0.67134879159047985693
-0.03765999083565445054
0.21131305047218031956
-0.97669264346077686408
-0.03765999083565445054
-0.95149716616250021372
0.30534385187029700715
-0.03765999083565445054
0.45604454746391566363
0.88283848824920174984
-0.11233687904822902512
0.53653828453050050705
-0.83636540748573003315
-0.11233687904822902512
-0.99258283199441617068
-0.04647308076347171669
-0.11233687904822902512
0.10955350710992643379
0.98189284572272854093
-0.15454600803138625996
-0.90512090174504072298
-0.39607030263048886048
-0.15454600803138625996
0.79556739463511428919
-0.58582254309223968045
-0.15454600803138625996
-0.25044717173740421548
0.95171290048790449323
-0.17753526188798426577
0.94943113480059887288
-0.25896283721339611025
-0.17753526188798426577
-0.69898396306319465740
-0.69275006327450838298
-0.17753526188798426577
-0.40237469435248016681
-0.86964431078732790433
-0.28603037961024629686
-0.55194671822219541856
0.78328886254291067341
-0.28603037961024629686
0.95432141257467558537
0.08635544824441723093
-0.28603037961024629686
-0.05102429372496419829
-0.95678010316520667327
-0.28630116247938123659
0.85410802203904707332
0.43420171700662541773
-0.28630116247938123659
-0.80308372831408287503
0.52257838615858125554
-0.28630116247938123659
0.61617043240050907410
0.69143919913328145235
-0.37715491795454031319
-0.90688912782204348722
0.18789964795304230230
-0.37715491795454031319
0.29071869542153441312
-0.87933884708632375464
-0.37715491795454031319
0.58820674617910449287
-0.68148558890509242920
-0.43541958599042131816
0.29608045921525638647
0.85014477932103599721
-0.43541958599042131816
-0.88428720539436087934
-0.16865919041594356801
-0.43541958599042131816
0.79019293701363222736
-0.38405848452006157531
-0.47759208825306504943
-0.06249206437349020846
0.87635639960487313204
-0.47759208825306504943
-0.72770087264014201890
-0.49229791508481155673
-0.47759208825306504943
-0.36776973853132031019
0.71813736803310896256
-0.59078265043506761964
-0.43804033485790705672
-0.67756662032783857705
-0.59078265043506761964
0.80581007338922736691
-0.04057074770527038551
-0.59078265043506761964
0.73192896578377961394
0.31351992677928776950
-0.60496714337143699700
-0.09444826170838947724
-0.79062904152406820322
-0.60496714337143699700
-0.63748070407539013669
0.47710911474478043372
-0.60496714337143699700
0.24865750451221144248
-0.68813734125061857963
-0.68164246128471872001
-0.72027317107182272542
0.12872495487609050057
-0.68164246128471872001
0.47161566655961128294
0.55941238637452807905
-0.68164246128471872001
-0.66153708991630257242
-0.22693457797168470479
-0.71475126861439228962
0.13423743543757186391
0.68637521439899078355
-0.71475126861439228962
0.52729965447873070852
-0.45944063642730607875
-0.71475126861439228962
0.54517052661238145801
-0.11679821152667870458
-0.83014894729641613770
-0.17143504500749852762
0.53053063120420205941
-0.83014894729641613770
-0.37373548160488293039
-0.41373241967752335483
-0.83014894729641613770
-0.03123308156614632972
-0.52959792901740544698
-0.84767359767563695895
0.47426180110377419387
0.23775032243394854090
-0.84767359767563695895
-0.44302871953762786414
0.29184760658345690608
-0.84767359767563695895
0.25721679162524904195
-0.32045548775121351724
-0.91167307872731717389
-0.40613098898730844014
-0.06252853195178735985
-0.91167307872731717389
0.14891419736205939819
0.38298401970300087709
-0.91167307872731717389
0.20656359946426524724
0.03180283942721037601
-0.97791618187896536682
-0.07573973287569109225
-0.19479074434681255328
-0.97791618187896536682
-0.13082386658857415499
0.16298790491960217727
-0.97791618187896536682
