4.974683226498831100e-01
7.360376148641371000e-01
-4.591011843428679500e-01
5.590348982097446100e-01
-1.265638795679114300e-01
8.194275849471628300e-01
-7.288333633043793400e-02
3.132475535520898300e-02
-9.968484232757158800e-01
2.572477678979665500e-01
-1.656678657048519000e-01
-9.520387304014018600e-01
5.411340322637501200e-01
-7.140401278556313100e-01
4.442078960778255700e-01
5.289772916369582800e-01
8.791891338122620500e-02
-8.440694815015484800e-01
2.101094730494514900e-01
2.878562687141732500e-01
-9.343408253398947100e-01
-1.251092176208318300e-01
8.466026754441139400e-01
5.173118919928013600e-01
-2.968214034253122700e-01
5.788523359630063400e-01
7.594912952883653400e-01
8.607983072975155000e-01
-4.701299935139675900e-02
5.067702162180782700e-01
9.039170366777808900e-01
4.275187858132582000e-01
1.271528923843031800e-02
-9.260785448881094800e-01
3.771355014185897600e-01
-1.213846232727967300e-02
-3.881188013688892700e-01
-9.140761145541768100e-01
-1.175952925312759000e-01
-2.987585134602704900e-01
7.252741472474466500e-01
-6.202586250665914600e-01
-2.792194858056794000e-01
-4.624003403749491500e-01
8.415595070864231300e-01
-1.948796139883027000e-01
-8.537824912960329000e-01
4.827808960678847700e-01
-3.976307015644606800e-01
2.282232240730735200e-01
8.887091679323705400e-01
-1.475144909474774600e-01
-5.002967000167323600e-02
9.877937573603259300e-01
5.777274505050660200e-01
-2.875749112093667900e-01
-7.638924422821850000e-01
-3.979206363888540500e-01
2.292255407994818500e-01
-8.883213487140082500e-01
-7.702140555863172800e-01
-5.091151554788813100e-01
-3.841510992291861100e-01
-9.996897834621322200e-01
-2.630804452954627800e-03
-2.476723055502217200e-02
-7.712315919346460800e-01
-5.622867550963902600e-01
2.983880638449262800e-01
-4.987172792698168500e-01
-8.316993796448798300e-01
2.440434741107283800e-01
-4.986609588500907600e-01
-1.438547465327423300e-01
8.547766141037719300e-01
-4.922662340132422700e-01
7.360198566597692100e-01
4.647028356411790400e-01
-6.328487781395547600e-01
4.213455058910822700e-01
6.495924789224860600e-01
2.591887275831934500e-01
6.195132620621696100e-01
-7.409618894537658400e-01
-9.321365890552474300e-01
-2.102965144334511500e-01
2.947825560673328300e-01
-8.979854631079841100e-01
2.359530234541973600e-01
-3.714138914601368700e-01
8.129660282849945400e-01
4.557793037050959500e-01
-3.624244240784820800e-01
6.716641908583869100e-01
2.259570864615946300e-01
7.055569500730157800e-01
2.996164850634900800e-02
-6.719171738692144600e-01
7.400200072149332200e-01
-9.157644262388430200e-01
-1.506779503429197000e-01
-3.723864537223385300e-01
3.478956155252995200e-01
3.695343962923675100e-01
8.616338959529787900e-01
-5.027083529717744100e-01
-6.405111692832496900e-01
5.805426374314036600e-01
9.630710423849711000e-01
-2.432333181393673800e-01
-1.154630688421129500e-01
-7.618845141750229000e-01
5.647369698096153100e-02
6.452462387411428400e-01
-7.275248519871817300e-02
-3.664241682575322100e-01
-9.275992695200800900e-01
-7.562190618423826300e-01
5.866993625064300700e-01
-2.896836007453223400e-01
-6.437213512467367900e-01
7.644499739065967500e-01
3.520027476141056300e-02
9.660047933134190400e-01
1.281038332752934800e-01
-2.245532168455276200e-01
-7.075662485896169200e-01
-7.044300089242688800e-01
-5.593180118475523500e-02
7.887431775553454000e-01
-5.601281091171909100e-01
-2.532601453776277000e-01
9.058627202024682700e-01
-3.378795961586388800e-01
2.554410120694399200e-01
7.110058660075152500e-01
6.528039028364420700e-01
2.613765921891488300e-01
5.052708109192587100e-02
8.552229804839114300e-01
-5.157913024940854500e-01
5.569497386917842100e-01
-6.148648852916657200e-01
-5.583441245382817500e-01
2.768661529672948900e-01
9.370746263390147300e-01
-2.126882178511223800e-01
8.659289827145543200e-01
3.201091392949589900e-01
3.843138506933855300e-01
-9.314370964650401400e-01
1.760161388534417200e-01
3.185015764355044700e-01
8.569307289137409500e-02
6.375513446620257900e-01
7.656271809295152100e-01
-7.282175266128339000e-01
-3.267183649326073600e-01
6.024569228995965100e-01
-2.527415117700574500e-02
3.151152852679818300e-01
9.487168040425764100e-01
8.066487557905178700e-01
1.268250805743638100e-01
-5.772635305637415800e-01
-1.022224622057994600e-01
9.836535105457912000e-01
-1.482441884578448200e-01
2.741720041938804400e-01
-5.238858849371882400e-01
-8.064572472734622400e-01
-4.768337431108444200e-01
-7.507887723560646700e-01
-4.571058966311577500e-01
1.613975222973618500e-01
-9.748676270256625400e-01
-1.535706663840017100e-01
-3.976987942293565600e-01
-1.575016400596039000e-01
-9.038965109165157900e-01
7.093330471895095100e-01
-3.947131924923819000e-01
5.839932566710999100e-01
7.418031556284638800e-01
-6.602157778231474400e-01
1.176571502843304900e-01
6.794198152307463500e-01
7.242482847594160500e-01
-1.176993487444279000e-01
2.334047977664507600e-01
1.674593874379571800e-02
9.722354518917685200e-01
-9.230844272700289300e-01
-3.810026138477211100e-01
-5.246092234003504200e-02
-7.126886996946200100e-01
1.205965483870325700e-01
-6.910363882204222400e-01
9.878809461644418900e-01
3.651364276391078100e-02
1.508575158795769100e-01
-4.406911330655980400e-01
8.519311398469771000e-01
-2.828509469603909300e-01
9.843702417472886800e-02
-3.439586403145925600e-01
9.338107977661003200e-01
-6.315953045000530200e-02
-6.922366207561331300e-01
-7.189014776709424800e-01
-1.266530455747446000e-01
-9.064545057197560500e-01
-4.028637922511707500e-01
5.478566964418385400e-01
5.784274973720884300e-01
6.043795748101502600e-01
-7.854087160229259500e-01
5.343988810996966900e-01
3.123315300679890800e-01
8.403606070325647700e-01
-2.469225382212937900e-01
-4.825176787084729500e-01
5.991574895864588300e-02
9.772467287894561800e-01
2.034672801632530500e-01
-6.036419477063582600e-01
4.870977733114106300e-01
-6.311514542519409700e-01
4.317345441017164100e-01
8.912198354622483700e-01
1.390413187075201000e-01
-6.896208327438340100e-01
-2.653713167880531500e-01
-6.737960902764839100e-01
5.924597135451469300e-01
4.325037033853235100e-01
-6.796558205327035700e-01
-4.052179302323421500e-01
-5.148656507173968700e-01
-7.554546913810041800e-01
-1.126589162185177400e-01
4.897288264742775700e-01
-8.645655817325809100e-01
3.887297198121729100e-01
-5.275223125080172900e-01
7.553869304806268800e-01
4.144640256882541900e-01
-9.007696608127560000e-01
1.297443238433141600e-01
2.356979706725270700e-01
-8.257800276564336600e-01
-5.123805349001778800e-01
2.761246279869866700e-01
8.281543250065741500e-01
4.877659313563770800e-01
1.895531136754477500e-01
-8.758770521741090500e-01
4.437443031417258000e-01
-3.232016260680300500e-01
9.299097026782227000e-01
1.755239407370997000e-01
-1.005014148496278700e-01
-9.862230890269059200e-01
1.313905791274647100e-01
5.089631124658708900e-01
-8.271479585563213900e-01
-2.382914283082026900e-01
