-.44480312865
.89552758313
.01343594419877101828833470
.996087349134912478028826
-.064608264630
.06029730536999862294419400
.955595145914808686989899
-.151430813688003125426993
-.252797598425785642682084
.569401567059854886849459
.767004891275546828322093
.295779228799400596357818
.659608063868414168153994
.192403746379321530271147
-.726565895469202278948803
.403189860977022811713507
-.801161037459868288846200
.442243064458400000966201
-.712782056318817225397704
-.561879656360698454961502
.419801133821601160009068
.661956018723476791328850
-.457614285637386499018249
-.593635742569758415847706
.282608987343026644136723
-.407165816471614537826336
.868532186029943575153239
.668934870023353456120116
.742577530932805013118533
-.03323778302742575572352350
-.265455959995099037334710
-.781037375178331020617952
-.565255474876292878898976
.160029300590980215644537
.966188322785797128323362
-.202165149975780931806151
.773028836676866044974135
.221439050120781630981626
.594467126717379657104896
.175101868514676652157284
-.975055887255462029910404
-.136401438303020133198126
-.783552897569824111906418
-.574306287260708417123976
-.237101550232708069954599
-.692247764363282650654246
.392872343958542679080909
-.605346474414906981149981
-.07559058934377342667308750
.568263708935890542817314
.819367084955874025075980
-.337816882349438482840765
-.901764884184152721547036
-.269629092740466838569564
-.994848554236994131255531
-.05709312389246592651731620
.08376591990041106653750660
.541855906567354156799483
.404571775224024724217623
.736691153204755117802998
.450473160965871492627611
-.352312290252476091503939
-.820335285957193890712243
-.08291886255978325266679030
.906736310766748125909897
-.413465506383421229850108
.09316858322048438252672960
-.903855873935242261716484
.417569364601196676712475
.588906593188876421448274
-.789503880430663658433890
.172837054139427962119861
-.397404187489217170073102
.504507753799195438205057
.766512777533763965479858
-.668701055002139086784758
.364702108572817786064778
.647943879546343722801446
.428183396355478401043775
.691792616552827791654772
.581448153121565483976501
.319473010393290077700838
-.09052289682552188168888560
.943261682027084512920438
-.768331507755545059628208
-.279435336364347539363633
.575832082278362423294197
-.151406999631300481189607
.983139167765086167717120
-.102534371158266393019795
.393805241205657834054798
.332099153186758013146216
-.857104185295808649601159
-.946404923994248947031928
.236879324546807554950753
.219558432863982907063169
.403617954528867323545163
.913315247908253361674597
.05429368950641403085155550
.02584593467195466265814600
-.232467944057348041494418
.972260583715437243901904
.926291134058053780949410
-.376674451046776301310256
-.01005449621086817981932260
-.687390205559736438991810
.08663221163506329787880360
-.721103019829872080500342
.184410042875001660853731
-.717972014564673625074148
.671199763400423237340025
.249912181845816594147010
.535084120733464487486645
.806987537142897082629652
-.609865468236461853825104
.661242294890738704201459
-.436832620233826508377608
-.114818126890843808487498
-.09594493929925844926970860
-.988742315449348866137898
-.03193422150722388611404860
-.922545572407162256175767
-.384564522971983080175991
.933637513269176623113941
.07322807463154825683788580
.350654592016566130741196
-.469089972314329569955358
.305741078621870974922724
-.828539070121184103401398
-.01951283002872466073384670
-.531495571617702407699846
.846836292806963884435175
-.613951414245617265542273
-.230655108156590912564180
-.754891967123162476463590
-.328983091927198493138266
-.322071623999707148622451
-.887716167612267681341332
-.966086099388810631983740
.234886008630470998760333
-.107267010386975029781380
-.794552448001938571534220
-.600626080748161593928565
.08907703687948747202785580
.08583658929712224509985080
-.760545278865515332971296
-.643586015023021359495710
-.333360913402823533480920
.728101984933456441529257
-.598947410839379084512273
.274151879895276747331075
.887948358051926486973303
.369308083018465101526759
.191357194752397381439724
-.208149471491845936058103
-.959195611715440593535848
-.684197961502128873513537
.718815157542939247942868
-.123198696270905420306929
-.593882627518668607527043
-.799126922781286500247208
-.09327157132606957144347990
-.265876421375917155874117
-.02875051316742247977553150
.963578298089442033836405
.811146775388948210337161
.349732521598457388640190
-.468751610250563019968454
-.229568182839786424420007
-.903319362690672482538132
.362370774781515310900319
-.968083553389680765578824
-.06329759475158649380235500
-.242502882776830182257407
.286717480668622445515445
.618528262353424673862803
-.731584496110388585635120
.822124742775603609406257
.541718716169822648778795
.175076382951746893594883
.735028681636994540013221
-.420024544399076148463522
.532270813846983568360741
-.744914952881558931904711
.04675753524377689958342490
.665518929761875216222515
.683249447950596395502961
.632602582868387422517528
-.364669938469638995447849
.459750562611010497818973
.848604401682607136375587
-.261725026743266709854602
-.460199072852717562981636
-.552152937493957733716013
-.695229420380274727664322
-.721890174034788625329180
-.443772694310231104367689
-.530980576308268331389604
.399112011351545372953666
-.643588915584026158576116
-.653071902727640831829924
.137668629661890055544961
.113895592751844060824823
-.983908096500238914568564
-.881295223733121566397929
.188060765373169324948530
-.433534170686054410329817
-.02241879819551194559622210
-.992005984659668342174970
.124183428390710683064249
.568100196018577199367989
-.277007933376114680081555
.774937915016647106789867
-.936467129420616233215593
-.345676533266543395739614
-.05947310201708939971472460
.483667913598880899797802
-.865892256533805390115341
-.127655589104825478655728
-.169132562612362139137242
.225608460191318755380867
-.959424306005574126615374
.867123950583828228806863
.477196454728450497875011
-.142757129133688151365902
-.543605613862342886796912
-.156654440648411614003898
.824592216069542246371200
-.01662388766250850682427830
.731298652571829481023996
-.681854769804839699071561
.165986720575144659920447
-.512917215261985195213023
-.842237697375627559216380
-.445548355218605152377150
-.722241243482614629615479
.529012522890226308185132
.04152874482094846314367100
.09380746691870371927563690
.994723842332078040925015
-.06728236175275510443825190
.916509889395193442019853
.394312954945410943387722
.860202404294115352805140
.02853568950129081838314800
-.509153746987399904969758
-.286600296813177036121370
-.347740840573745941572328
.892713043291999533427236
-.221248908388896598469232
.519680220284340118190539
-.825215965176353922643860
-.501723712785177929338900
.167181952014253467189129
.848718746670391472313612
-.211139980716392863641063
.292579426416838395336753
.932639902524374675720579
-.901055575726647833359134
-.342541915951061420406032
.266014821520334061048189
.110429003374488022447003
.770744111773608118872525
.627502150896735323427225
-.139385138634330648630507
-.755435293445548132696711
.640225976155862491935305
.299720644951282564222924
-.858604023932095604400074
-.415892612434508887081032
.325816762356382668324957
.235667542842848308361410
.915589562313823408785330
-.568630566260383937917631
-.788899596967973855173776
.233016533787118909743926
-.653801672171543570443966
.729023961992489517893903
.202651020985502731464440
-.424951688624532984312913
-.009514871845028603948064110
-.905166023196259088235084
.914635295763208015703089
-.251829649712335441845583
.316265874336627452632447
-.390474486073858754507239
.867481903035251264870757
-.308228525013008502248490
-.914970471489479841514486
-.04458546770377997575340640
.401050087111266127481563
.478144650141444849414769
-.573435872150113102915637
.665243559963232145969626
.835530518314187724214922
-.449390402067388245378449
-.316128169411294232753308
.578946155617351905951207
.499026608028571005170529
-.644820745149679487697090
-.835239171840668293386447
-.136599437423670313058387
-.532650091071475702353473
.801065932201064145378908
-.548951402239480220310510
.238633045167991125187786
-.338235018002825920340218
-.939416440052624489701866
.05562216065096540294463980
.956572878658492344181213
.175381836400365506836160
-.232829420984206182982926
.961945612719111855637489
.260212073133826898448787
.08336855022038220014645910
.588628067264828171241425
-.706165288567827233574162
-.393506777133495140132442
.789205892577608403363073
-.105414526361171123110898
.605013914511749377199524
.230297998951901077289115
.837787548941797264949149
-.495050355536531074199389
-.832411301210155455800673
.475509995533172294559221
-.284572784653870776084933
.700464960001235565737731
.529242110187784243830819
.478802285515063827264083
.08318532679794232372388730
.425909943895295304862748
-.900933361074294964073016
.740362757131850202401564
-.666162856255501327257067
-.08994463184447012033116240
-.249209021042504398042328
.751510902216751965054613
.610840591054982254414891
.298286552269806276132012
-.940115739186227173185852
.164947051108305098364703
.675635621998569849310141
-.134622753248659805750634
-.724840134508538436532098
.09130370833928254263753950
.988907376276927651090271
.117157304461046123200486
-.793049091507054664914792
.484203366395495688003124
.369621750484335801960690
-.532034219754902202892317
-.462797136405848603792041
.709054581498729751647410
-.151074234092566309708466
-.582195628045446810477605
-.798889746134040840831723
-.384151643850585846207205
.860996801051152311528658
.333334701323722213252472
.5835062210797303221228
.057374446367708256631832
.81007941762845193887560
-.55392877048931970588261
.65109600595600340458919
.51888043733824707878778
-.86236027967992730870911
.50393226184479327884185
.048857174522768458791623
.43517362807371112118371
.0034597998693123466154476
-.90033990426617638072281
-.55549099819846448045507
-.71375879582183182241180
-.42658895005314205060478
