7.584744007199754100e-01
4.165016666708126800e-01
-5.012414040289461200e-01
1.932288662578813500e-01
-9.378807027222845200e-01
2.881707700406961900e-01
-7.415678050518458300e-01
2.229807294155276600e-01
6.327375323306709800e-01
-3.180096799920046300e-01
-1.707136724331513900e-01
-9.325913818365306800e-01
8.211148352002507500e-01
-3.364180014032683300e-02
5.697707053696105000e-01
6.900585207507197200e-01
-1.957454511329819200e-01
-6.967804218690950600e-01
8.902837653014237200e-01
4.360923948711269400e-01
1.312182928416796600e-01
1.737552087809823000e-01
-5.697176287728006300e-01
-8.032626910836671000e-01
-2.407845141170910100e-01
9.458609477913791900e-01
-2.176462386640083700e-01
-6.232850954669852900e-01
7.375388517569072500e-01
2.599079296939859100e-01
3.099365280498945200e-01
8.570234358773722000e-02
9.468867180840306900e-01
-1.784080610521636400e-01
4.976144848777014900e-01
8.488523948199163700e-01
-3.308781718538134100e-01
4.657486013115466600e-01
-8.207300870365460400e-01
-9.938586550885192300e-01
9.826603188049340400e-02
5.087986521308532400e-02
9.809215447045006600e-01
-1.519649880512930200e-01
-1.212417648383050800e-01
-7.590013317908576000e-01
5.525737091473856800e-01
-3.443534148208858800e-01
2.178502098916598500e-01
7.474483044153373800e-01
-6.275845108643114400e-01
-5.466758439725627500e-01
-6.351757083896028000e-01
-5.456164780215609900e-01
-1.707810146879082000e-02
9.213926076114443700e-01
3.882576478180496100e-01
4.611877955329465900e-01
8.861565686709926800e-01
-4.508162655354409900e-02
2.382081962692129100e-01
1.891458090889679700e-01
-9.526178237542314300e-01
-5.357500666353095500e-01
-8.417351477052242800e-01
6.673685052447224400e-02
-2.802832368634395500e-02
-9.473228376156981300e-01
-3.190514917737816100e-01
7.469709952713480300e-01
-6.047269468423938100e-01
2.762963119297984200e-01
5.966184247163127700e-01
-7.267763293443891800e-01
-3.403566106214501200e-01
-2.993691321709228100e-01
-1.299517657413609100e-01
9.452463495216108000e-01
-8.298025221748853700e-01
-5.422302994063545000e-02
-5.554166339031052500e-01
4.999017131118183600e-01
6.079526063679968600e-01
6.168402594174838800e-01
-8.121242430896935500e-01
-3.884432234504331400e-01
4.353918648085072200e-01
3.391354174259311700e-01
-5.361322032422790600e-01
7.730132141780754500e-01
-2.898016411845053000e-01
-7.040063160926548500e-01
6.483749807545139400e-01
