7.111943953916177700e-01
4.119551087581037600e-01
5.696450827766796900e-01
5.454932639734231300e-01
-2.384850383495581100e-01
8.034687208865265400e-01
2.492575455875331000e-01
-8.181698621221900100e-01
5.181397038276797100e-01
-1.425810673335963000e-01
-3.774970961990824500e-01
9.149680768197725500e-01
4.685283141629668200e-02
9.512699487000281200e-01
-3.047790952288591500e-01
8.982968131810933300e-01
9.622815093233648400e-02
-4.287224957905003700e-01
1.155251863338321600e-01
3.098326744460935800e-01
9.437466000829430900e-01
6.664454807928711400e-01
-7.437041166276027200e-01
-5.248435997433999200e-02
2.267101745794316800e-01
8.964853788801406800e-01
3.806789489797069400e-01
4.248746673820597000e-01
5.295177802429886800e-01
-7.342291450381973600e-01
9.594975559674434600e-01
-1.614391793657944700e-01
2.308718940412662900e-01
-8.261707259360590000e-01
-5.272783549987393200e-01
-1.985433654295931700e-01
-7.950199674017444100e-01
5.566050738796642100e-02
-6.040241380523162500e-01
-5.688698694003877500e-01
1.800221638004550500e-01
8.024830790920067800e-01
-2.836905408848323700e-01
5.474087374151345200e-01
-7.873140105536289300e-01
-4.720190078431763500e-01
7.733327395695126500e-01
4.232665001445967100e-01
-7.161993828305497400e-01
6.574559447398679000e-01
-2.341156226298183300e-01
7.498129771865806600e-02
-9.088123346998080400e-01
-4.104119214763505300e-01
7.072858086153803700e-01
6.991737337573981100e-01
-1.044168327188044900e-01
-9.901058120751870000e-01
9.500590673727030100e-02
1.032683813176312500e-01
5.499047182783316500e-01
-4.631375954619224000e-01
-6.950599747395741500e-01
7.392192317743369300e-02
-3.002234170493364400e-02
-9.968120225359954300e-01
-3.536739469889089200e-01
-9.222001447894728800e-01
1.564021488713048000e-01
-7.446904044838303900e-01
-4.397009945241670500e-01
5.020948484939551400e-01
-3.955421794871455400e-01
-5.101180769333464300e-01
-7.637577703908375900e-01
