6.625010529876369500e-01
2.602718561231405200e-01
-7.023894330786075700e-01
6.784348458476949800e-01
-4.498508396427974100e-02
7.332820072525583200e-01
2.389721366039631900e-01
-2.968105704906579300e-02
9.705726931968501300e-01
6.672618738135508400e-01
5.762148480417084200e-01
4.719513117378742500e-01
1.146356414937103500e-01
8.021450755857124600e-01
-5.860221390126122400e-01
9.932227599217039500e-01
-2.181089228501772000e-02
-1.141614389855210300e-01
-6.597241014702161000e-01
5.727858287695319900e-01
4.864982058549821000e-01
3.840675134914886500e-01
8.834164834881516000e-01
2.684538354762205400e-01
4.511640248294775400e-01
3.549354798014569500e-01
8.188234412117035800e-01
-6.293223114237318500e-01
-1.464105180538358400e-01
7.632282676548995900e-01
-8.579818310677113100e-01
1.524755366946376200e-01
4.905286824104983000e-01
7.304797945034815500e-01
-5.651400842568359300e-01
-3.834265966105219700e-01
-9.552107015568892000e-02
1.113494938695546700e-01
-9.891799711737526700e-01
-9.201877062519071600e-01
-1.811434754030263300e-01
-3.470470091814177900e-01
-6.110556942696346900e-01
4.695556371828951100e-01
-6.372820741951089600e-01
-4.926847363042286500e-01
2.942817493010888600e-01
8.189383387295553500e-01
-6.523493085962274200e-01
-4.674382694072688500e-01
-5.966086186668457800e-01
-4.511471953321720100e-01
-5.689232129817972700e-01
6.875991462141177700e-01
5.964135465941685600e-01
-7.872135389417016500e-01
1.567983595126164200e-01
-8.515203856096721400e-01
-3.365611636268175900e-01
4.020442961034492200e-01
-9.018697388194008000e-01
2.827845931274446900e-01
-3.265943172983439800e-01
-2.452678316326433500e-01
-6.617367900411326200e-01
-7.084829648426838000e-01
7.386994419646146800e-01
-4.790100104120970600e-01
4.742072799590593100e-01
-1.281670997297486300e-01
9.863584297443258600e-01
-1.032968664537923400e-01
4.079222152397344300e-01
-8.755978671799987700e-01
-2.587041578787343500e-01
-6.254702379815874100e-01
-7.257959189931533200e-01
2.863691068745731800e-01
-2.870844249504910200e-01
-9.556423537842999600e-01
6.580444213310307500e-02
-4.868222500036070700e-01
8.581578961113539600e-01
1.630003749785880200e-01
-1.901708313933834500e-01
5.349865646920276600e-01
-8.231794643248654400e-01
1.728279632699190600e-01
-9.764282180608094800e-01
1.292997683159713400e-01
-8.979036816151320100e-01
4.246473814238027100e-01
1.159464531234102600e-01
-4.069812951122484000e-02
-4.698938111739662200e-01
8.817842527935575400e-01
1.375951179116331900e-04
3.669479474860677900e-01
9.302414659126659900e-01
8.335862646520710900e-01
-1.380350972160901700e-01
-5.348647037522217300e-01
3.532895047612426000e-01
3.314688688208620400e-03
-9.355081713509809700e-01
5.534582620817639600e-01
6.655781139092960000e-01
-5.006892513509528800e-01
-4.911345609217502300e-01
-8.082402761580459400e-01
-3.248607379542272600e-01
-2.559013538412180900e-01
6.738689597585167900e-01
6.931198469068724500e-01
-7.023466069892636600e-01
1.622926627898038700e-02
-7.116500927890860900e-01
2.662314830695987100e-01
4.520049479020236700e-01
-8.513591043118355900e-01
-9.959394431090737900e-01
-2.860377931165875400e-02
8.536070213323053400e-02
-3.375408725777727700e-01
8.103211446415103900e-01
-4.790050123811944700e-01
-6.998175904546495600e-02
9.323891368477976700e-01
3.546167662267557500e-01
9.240352790276815700e-01
3.475445101614232400e-01
1.592847028715914400e-01
-8.191276730331554800e-01
-5.641159329312036600e-01
-1.039378154688938600e-01
8.713516199571441600e-01
3.835839789353425200e-01
-3.059569994332395100e-01
-4.621377673064756800e-02
-9.423505929121034400e-01
-3.314206494449268800e-01
8.924276051371808900e-01
-4.497029215699286900e-01
3.660945124672873600e-02
2.114520752781674000e-01
-7.273227954268958200e-01
-6.529085472812882200e-01
-2.251679906603894500e-01
-5.317120494844115200e-02
9.728680275074794700e-01
4.153364575678767900e-01
-4.259807919988064500e-01
8.037636417896973900e-01
-3.670808208658570300e-01
-2.538186582816952000e-01
-8.948898030822167700e-01
3.174127320277131400e-01
-7.873792126125069800e-01
5.284724525388355700e-01
9.358387475001499500e-01
-7.897787042269462100e-02
3.434651869707420200e-01
-1.409276812835567600e-01
-8.569375295378022200e-01
4.957796477445284300e-01
8.110455468547440900e-02
-3.732095240111256200e-01
-9.241951646685131500e-01
7.017215974294241900e-01
7.120365522609646300e-01
-2.430530693934547900e-02
3.244000084119926200e-01
9.265561163978168800e-01
-1.904163798313960000e-01
2.058330917492380300e-01
7.182751425191054000e-01
6.646153458806896000e-01
-6.973014115207364400e-01
6.843578771812911500e-01
-2.131315026717206000e-01
5.175003803829448800e-01
-3.942119691445970000e-01
-7.594671024387078500e-01
