0.105355994976
0.372571428296
0.922003603648
-0.177562614582
-0.550603552977
-0.815663683973
0.553511881926
0.520209294530
-0.650389795777
-0.351698260493
-0.908906251318
-0.224048565900
0.946836221405
-0.057847465299
-0.316472495793
-0.409761152670
0.743567700290
-0.528396511010
-0.545184970477
0.603073797903
0.582301762190
0.467419853645
0.452111033317
0.759680389356
-0.625606139853
-0.778898529856
0.043977698501
0.421809027710
-0.310144021249
-0.851990510643
-0.476139082459
0.841651424963
0.254783148998
-0.744602531023
-0.597482478075
-0.297626879140
0.501084532806
-0.754218666729
0.424344781682
-0.154065209925
-0.728129036476
0.667901203272
0.544566839192
0.705430292011
0.453668448060
-0.468520341587
0.870836340474
-0.148770822508
-0.147422456260
0.986693567966
0.068574210352
-0.115199227925
-0.404233101626
0.907372435902
-0.991123600711
-0.103806717275
-0.083055244039
-0.956929714379
0.290311404579
0.002193196321
0.038493748568
-0.987746211679
-0.151246992150
-0.195647153113
-0.964386449629
0.177991480840
-0.384376954713
-0.075789787103
-0.920059924601
0.841769943214
-0.448331775155
-0.300702481013
0.773889711743
0.604224056157
-0.189757750883
0.836021183229
0.305605148314
-0.455712710506
0.218727219894
0.970336307888
-0.102984721546
-0.153906986017
0.583049389693
-0.797725547312
0.817671194869
0.537210794605
0.206926023596
0.276106610120
-0.301195135396
0.912713881927
0.141144987002
0.782880354451
-0.605950858782
0.965428435076
-0.258369541916
0.034541519314
0.286014476599
0.056475715926
-0.956559570903
0.581590702376
-0.438181994633
0.685382225105
0.961436712394
0.265135896677
-0.073091752984
-0.698503287265
0.460681136388
-0.547600263199
-0.864196548203
-0.239129004469
-0.442698142413
0.574435920792
-0.585974537427
-0.571539337571
-0.882204728079
0.232882995296
0.409243605028
-0.113509636524
0.936582097413
-0.331556235382
0.855704120802
-0.299664507574
0.421866851675
-0.911475871022
0.160961956538
-0.378553807394
-0.774237778299
0.607317774688
-0.178103855102
0.314156053654
-0.853651543362
-0.415433528340
-0.936262567538
-0.156787209005
0.314372670123
0.391650278651
0.086624788863
0.916027404168
0.746596066403
-0.223885218121
-0.626474039956
-0.593985013540
-0.358438657269
-0.720210755728
0.359655773429
-0.928941265989
0.087839905401
0.958307034380
0.064537541754
0.278356845725
0.123591331835
-0.899912242974
0.418190312705
-0.129585192042
0.878129705649
0.460538704193
0.239506798941
0.923119027255
0.300811826199
-0.089000490108
0.207536138824
-0.974170243768
-0.882467745562
-0.466579560226
0.059617044721
-0.466435782406
-0.780609757727
0.416036136692
0.210691063779
-0.637205924649
-0.741335204368
-0.783095373850
0.579568476189
0.225526089097
0.708214765100
-0.050084515323
0.704218281373
-0.731777766422
-0.155420005561
0.663585655693
-0.283238632991
0.259618799429
0.923241006327
-0.009942960196
-0.218857197338
-0.975706238945
0.779433061457
0.313845348737
0.542204020442
0.556656208950
0.827941404693
0.068168140889
0.240647043443
-0.653821530775
0.717360722633
-0.453602126794
0.313574192677
-0.834216000958
-0.077695988545
-0.852747980698
-0.516511582425
-0.471917469169
-0.486826320330
0.735046961852
-0.639349801442
0.232408626957
0.732951609257
-0.407987970261
-0.124891809838
0.904404694790
0.631476937650
0.139345149726
-0.762771136360
-0.449971075399
-0.699014655249
-0.555791816286
0.193955681220
0.731106653196
0.654113335268
0.220298484695
0.445753952118
-0.867624337955
-0.749966648344
-0.492949050015
0.441079653194
0.777567661970
-0.605697373113
0.168876354954
0.623332424648
-0.763138130202
-0.170519449372
0.006697902058
-0.012088999410
0.999904492540
0.470138647412
0.800834441556
-0.370990362984
-0.709925014271
0.028924691069
-0.703683051067
-0.177884231699
0.617420387868
0.766256657235
