9.523854118739072400e-02
-7.067638652762942000e-01
-7.010095998003237300e-01
-9.004531909289292800e-01
-4.355520654650493100e-02
-4.327666749284200300e-01
1.830124684015359000e-01
-8.096149732366358900e-01
5.577006648020228500e-01
-4.012309917632147500e-01
-2.632604655402703800e-01
-8.773298231179806900e-01
4.629423549081890800e-01
-3.168740576751799000e-01
8.278135101606685100e-01
5.384448874702019200e-01
7.966788557932726900e-01
2.745540090567312200e-01
-3.058061544273232800e-01
9.422856910243534400e-01
-1.363094729104655800e-01
8.278028768198171200e-01
-5.364645595401627000e-01
-1.641589884417362900e-01
5.534933484814490400e-01
7.605821703438940800e-01
-3.393521406176259700e-01
7.997757959035628500e-01
5.030203010005641600e-01
-3.276114361070510700e-01
-9.231514176897290800e-01
2.171372942386148500e-02
3.838228419101067400e-01
-5.314546973991359800e-01
8.240632085056860400e-01
1.961523209133840800e-01
4.464420373093181400e-01
-8.360659416878382100e-01
3.188781091149626200e-01
5.692400592406946500e-01
-2.940843681275758200e-01
-7.677760997704050600e-01
2.409692772429701300e-01
7.004940672679016400e-01
6.717453901200016700e-01
3.946900062675110500e-01
2.111346780125242600e-02
9.185717285165909700e-01
1.335256610585087200e-01
4.387005160771554900e-01
8.886578391217431200e-01
-2.596663960602386700e-01
-5.579138665193085500e-02
9.640854131935312500e-01
-9.918950281433148700e-01
1.178745318036204900e-01
4.743256156534309700e-02
-4.477763211482196900e-01
7.677293133728704300e-01
-4.583536490604034300e-01
-2.050781532012095100e-01
6.796685975641771900e-01
-7.042680942402017600e-01
-9.731733056311049300e-01
-1.968157783505982100e-01
-1.191522832314865600e-01
3.092682076917751000e-01
-9.056667596444668800e-02
-9.466524456820825100e-01
-5.246270390627731900e-01
1.700699780641141100e-01
-8.341718482695872300e-01
2.666647020660856700e-01
-8.625692537298106400e-01
-4.299583923962914100e-01
1.988436112942751400e-01
-5.555464121291227000e-01
8.073595247582765500e-01
-5.009446002540624000e-01
-2.853289029239312600e-01
8.170935837665864700e-01
-1.727584746174780100e-01
-3.959499618793404000e-01
9.018747901652375300e-01
-2.266579973630266100e-01
3.240665034237608100e-02
-9.734351345852323400e-01
1.374306589211742000e-01
-9.697854628550737200e-01
2.015662918829988500e-01
-9.246216860622869000e-01
2.713490181833280700e-01
-2.672909425967852100e-01
5.661455907042346500e-01
5.968515866595264200e-01
5.685484619873306700e-01
-6.188715264503041900e-01
7.718875884520773900e-01
-1.455595566862809300e-01
-3.687859577079813400e-01
7.771416246064785100e-01
5.099488334150891200e-01
9.162475170659933900e-01
4.005587468202194700e-01
-6.570982895861755000e-03
3.755240461672129700e-02
9.976252367530161800e-01
-5.773823603982628600e-02
-8.318252304036999300e-01
-3.912530964157612800e-01
-3.936849001535499000e-01
6.884516078992405400e-01
-3.498643713860703800e-02
7.244379426819780300e-01
4.701651717698782700e-01
3.520242004257340100e-01
8.093353282596921200e-01
-4.729271983340566600e-01
5.035714272021930600e-01
7.230184525871012900e-01
-8.498061684443934900e-01
5.262696947236950000e-01
-2.949041351504192900e-02
-5.994290929093942800e-01
-4.596195351152497800e-01
-6.553126318897434200e-01
7.211013911202268600e-01
-6.089946118274727200e-01
3.303609336613208500e-01
2.945332916177941800e-01
7.137353349723273300e-01
-6.354777822557822200e-01
-5.076742803053774200e-02
-2.774266202079872500e-01
-9.594045750626466500e-01
-2.835322605229216300e-01
-9.535421560230609200e-01
1.018175521688417800e-01
-8.873920383194786600e-01
3.624118663780044300e-01
2.849438706756339300e-01
9.449232804489514600e-01
-2.108945695409482900e-01
-2.502867847165136700e-01
7.487766902813829400e-01
2.917787069840661100e-01
5.951459100438852800e-01
-7.294378949042363800e-01
-3.926581694969182900e-01
5.601249141084565500e-01
-2.108002412891772600e-01
-5.557005610726232200e-01
-8.042139918553994300e-01
-6.527969952250708400e-01
-6.895721029911320300e-01
-3.136022924047376400e-01
-3.724637286079782700e-01
-8.968040376883520400e-01
-2.387745565534807600e-01
9.092555576951324400e-01
-1.266667089963569000e-01
3.964970058304926300e-01
-3.937540960230405100e-01
-7.329566561267186800e-01
-5.547362004634433000e-01
-1.151301715862798200e-01
8.936950903839256900e-01
-4.336520829123051700e-01
9.566304269256902200e-01
1.454613428930020300e-01
-2.523870519732269700e-01
3.411871177913282100e-01
-9.357679549978554800e-01
-8.904877906169056400e-02
9.300368049381285700e-01
2.153173778954646500e-01
2.977750295721571200e-01
7.871984498252624400e-01
5.419908538476537800e-01
2.942184816394019000e-01
-5.110003762387037600e-01
1.664184646117027900e-01
8.433169689506946300e-01
4.865504482989343500e-01
-6.289788103759178500e-01
6.063450481023170400e-01
-7.344956325231053500e-01
-5.560987239624017000e-02
6.763310638264054000e-01
4.194724242378091200e-01
9.067475141201748500e-01
-4.303290532765476100e-02
-9.233460159073647200e-03
-9.924084368874687100e-01
-1.226386464702784500e-01
-7.418722782980998700e-01
2.932480271846131800e-01
6.030183390620214000e-01
8.112448771069574700e-02
5.232408739038602000e-01
-8.483146853438304800e-01
7.962008760897618700e-01
2.316932547279082500e-01
-5.589118004009974200e-01
9.975054442068284100e-01
-3.997370345921918300e-02
5.818068244265046200e-02
5.859041641106759200e-01
-7.412669304197425600e-01
-3.274746529792235700e-01
-7.522234264644711600e-01
-6.004686572970439100e-01
2.712882383774419800e-01
5.653448839621626200e-02
1.064700926235206300e-01
9.927073944514149800e-01
-6.697419501623355100e-01
6.004210072862863300e-01
4.369672003732925600e-01
2.554879383751340000e-01
-4.332831521049830800e-01
-8.642867715329177700e-01
6.363905085306975600e-01
-7.709862771685741500e-01
2.423388268072146700e-02
-1.429281149553970600e-01
6.439723629978025800e-01
7.515791040538069000e-01
7.229108886270841900e-01
-3.626469626144951900e-01
5.881216095425166900e-01
-2.420661568616873400e-01
3.794266983123314500e-01
-8.929946003812206900e-01
9.266201092499183600e-02
1.909989303994353300e-01
-9.772068155296546000e-01
-2.011305667574230200e-01
9.580509270531428800e-01
2.041688425995779900e-01
-2.365335060302344000e-02
8.660428144759354500e-01
4.994100144168626100e-01
-5.964436356683674400e-01
-8.023513362374662400e-01
2.207538694230024700e-02
7.151047041727742700e-01
6.986063870427329200e-01
-2.396618561783181800e-02
-1.343068230930551400e-01
-8.972011771848245100e-01
4.207038446803357800e-01
3.897708178307581800e-01
3.448116161965557600e-01
-8.539225134070779200e-01
8.123525447288311200e-01
-1.243298688136297600e-01
-5.697590954020636000e-01
4.440157628532298000e-01
-6.315305933224064600e-01
-6.356249775108855400e-01
9.153862634160586700e-01
-3.765971931905161000e-01
1.422762904710803700e-01
-7.276799867937436800e-01
5.533005251593384700e-01
-4.053891533801285400e-01
-9.295545868448599200e-01
-2.952965526388696100e-01
2.207446852707472000e-01
-6.920558836099669500e-01
-1.199726805167419900e-01
-7.118041935044044900e-01
7.309101098783310500e-01
-4.648023299201440900e-01
-4.997291320089829500e-01
-5.180751971748659400e-01
5.012045892706216100e-01
-6.931032028250131400e-01
2.298275257632606000e-01
9.100481711598519300e-01
-3.449516409152837400e-01
1.415827705638065300e-01
-2.383202982746724900e-01
9.608109879210102700e-01
-4.732353590669528000e-01
-8.025567932899162500e-01
3.632504486893017300e-01
-1.162852900308460900e-01
-6.924391247690986400e-01
7.120433903993819100e-01
-8.480132278465958300e-01
-5.260954933429578000e-01
-6.400857193710535200e-02
2.153221571397515600e-01
9.448421422105038900e-01
2.467988957587739200e-01
-8.826892255832304000e-02
-8.866899786172581800e-01
-4.538606384454586000e-01
5.921489183853311200e-01
5.182427323508658200e-01
-6.170770849906772600e-01
-4.563071152172331100e-01
-6.005672695278833100e-01
6.565841692989176100e-01
-7.696055558415362300e-01
2.497350325574108600e-01
-5.876561085629836700e-01
-2.064654400442045600e-01
3.356848778099033000e-01
9.190689228110715500e-01
5.972363744363864400e-01
5.992150087278469400e-02
-7.998238098376625500e-01
