-3.169037526235038400e-01
-9.317546140802797100e-01
1.772155487344444500e-01
9.864602335985268900e-02
9.217649441498144700e-01
3.749911329775371700e-01
-3.075983725815449300e-01
4.027206046656542900e-01
-8.620901088418280200e-01
2.666995740113856100e-01
6.477228436701938400e-01
-7.136711112339796400e-01
-5.689578076410036800e-01
-4.537667403657419900e-01
-6.858445585277994600e-01
-9.107697742005865800e-01
-2.401558085907303000e-01
-3.358922535616815100e-01
-6.940235261122446000e-01
6.422404532480409400e-02
-7.170820156752254500e-01
-4.142148086755633700e-01
7.926551794158961400e-01
4.473520524363559000e-01
-9.702143845727394500e-01
-1.498435523379319200e-01
1.903443137865957500e-01
1.833347319974382200e-01
1.845512433803075100e-01
-9.655719624192751200e-01
-7.360208241924947000e-01
-1.084047997324526900e-01
6.682228264209236800e-01
-9.537548820654850900e-01
2.591922843160564500e-01
-1.522201848878034800e-01
-5.903350466312810000e-01
-6.216397245948505100e-01
5.148481188899126600e-01
5.640479659555335300e-01
8.143526564056682300e-01
1.366734908695062800e-01
-2.553456764104438100e-01
-1.195104375543990100e-01
-9.594351676137628000e-01
9.690353538169777000e-01
-1.482233419101561500e-01
1.974849968118843100e-01
6.943219281761333600e-01
-2.805561460317480500e-01
-6.627256664545209100e-01
-7.094318142116129400e-01
7.046815944375478500e-01
1.141715574804095000e-02
7.095495046509308100e-01
-2.885898607875378400e-01
6.428494323714132300e-01
2.261867023919582600e-01
-3.447149260354339700e-01
-9.110495021838479500e-01
-2.471733929722258700e-01
9.685392788674898100e-01
-2.893059103165180800e-02
-4.356907948301713000e-02
6.145352860579841300e-01
7.876852909015340500e-01
-3.121911070359373300e-01
-3.522806347356027300e-01
8.822896729974554200e-01
2.316532846611745500e-01
9.366611381448648500e-01
-2.626835891235982400e-01
5.497288456050383000e-02
-9.775155168669521500e-01
-2.035715998056531200e-01
5.237117945641252000e-01
-8.516912720626519400e-01
1.865297098923867800e-02
2.195547181834618900e-01
-3.981975679903422800e-01
8.906370880274172600e-01
-6.700360819585039500e-01
5.504271569529858300e-01
-4.980778992912153800e-01
-4.425478654558466800e-01
-8.329878662315113300e-01
-3.320882435310648100e-01
9.082658333716481200e-01
4.149842962820172200e-01
5.330299962501512700e-02
4.650675591192440800e-01
6.258166426255493700e-01
6.261514954607662100e-01
4.313712407372034000e-01
-7.299965688243221800e-01
5.301168382248979700e-01
-4.138700875571708900e-02
-7.397127628611649400e-01
-6.716488248828820200e-01
-9.183378531842281700e-02
1.222166013155723500e-01
9.882457478972325200e-01
8.089520191959431700e-01
2.261956048253098700e-01
5.426160511784725600e-01
-7.846884597948403700e-01
-6.196375274364331900e-01
1.770185462782275500e-02
-9.101693130398584600e-02
-7.690566672969131300e-01
6.326671800419005900e-01
4.331237849830140200e-01
9.096781306578818900e-02
8.967322029837089300e-01
8.502708408289818600e-01
-4.883237200143322200e-01
-1.964165005984487600e-01
9.512567855577114300e-01
2.392674585723816900e-02
-3.074703868067512600e-01
4.633990922568788100e-01
-7.328242363285925000e-01
-4.982267756202150600e-01
-8.638616576390990600e-01
3.412215431544417500e-01
3.705548474225234800e-01
-2.088127098019148000e-01
8.159989588873464200e-01
-5.390203626208829300e-01
6.693369549222077900e-01
6.481187331188644800e-01
-3.632218998847187000e-01
-5.158359835814270200e-01
3.660953153706511500e-01
7.745240203545951100e-01
6.512871401847650800e-01
2.487300204252284600e-01
-7.169089467772149500e-01
