9.313337427120790300e-01
-3.492040022696475400e-01
-1.033151706419300100e-01
8.517523395870130200e-01
4.958054725462455200e-01
1.693956475274499000e-01
-1.784740082376045600e-01
-1.546041264173263800e-01
-9.717224873791585600e-01
4.218932119412896500e-01
-8.044427448966695600e-01
4.181841554877153100e-01
7.411088795596868500e-01
5.848612277180500500e-01
-3.296892066020978300e-01
-2.595897937516533100e-01
-6.264860850005504700e-01
7.349342312619935300e-01
-5.105575977439259800e-02
-8.684472992337815000e-01
-4.931456152572081300e-01
-5.502528787445436500e-01
-7.616740223044166100e-01
3.421614431521381400e-01
1.759874845341479200e-01
9.146795609498091800e-01
-3.638539625564183300e-01
1.101126042416158800e-01
2.683338915320086500e-01
-9.570120882425767700e-01
-3.890145900800433000e-01
2.957846552371937200e-01
-8.724557790691002100e-01
-6.379837591674152300e-01
-1.309872066575863700e-01
-7.588274340920051500e-01
9.647356640180676500e-01
-5.386974810719129700e-04
2.632200759376875400e-01
-9.757035455845181100e-01
1.979685942481601800e-01
-9.386706997242255700e-02
-4.567628094180325400e-01
8.712839866078784200e-01
1.795325892790177700e-01
2.345900855887037300e-01
-5.401719087078601400e-01
8.081966349759147600e-01
1.245991140884216600e-01
-5.370791830554058100e-01
-8.342787375313591700e-01
-3.169935193484383400e-01
-9.459488920207194100e-01
-6.852592484501515700e-02
9.643254298428709500e-01
1.422873061790785900e-01
-2.232281072326318100e-01
-6.493852913271940300e-01
1.706530360745905900e-01
7.410642918711033400e-01
3.922843630449958100e-01
5.999234498671290900e-01
-6.972838968525690900e-01
1.751021104694070700e-01
-6.772204029633988000e-02
9.822183953516960800e-01
-3.276832157786204700e-01
8.923077910219523500e-01
-3.105004286285379900e-01
-3.725425619066384800e-01
-5.624326116810390900e-01
-7.381609559477418900e-01
5.030440387458518000e-01
8.640246261094511900e-01
2.020248892303141600e-02
8.004896500094279600e-01
-4.705402618406587200e-01
3.712252445816530100e-01
-4.645303212423414500e-01
6.280645252270458100e-01
6.242968306805766200e-01
-7.779999194365431200e-01
3.080848652703309700e-01
-5.475398078204858400e-01
-1.066230542648195400e-01
6.875794953548445300e-01
-7.182380955273945900e-01
3.056776774944631700e-01
4.068766619930249700e-01
8.608208520981613900e-01
-6.556140196566380100e-01
-6.774146992087639600e-01
-3.335859447362332600e-01
3.790518140115575800e-02
9.822723137766888900e-01
1.835873056906048300e-01
5.056197702347987600e-01
7.025476318452069700e-01
5.007748725089957700e-01
-8.257568014948161200e-01
4.758813716046240700e-01
3.027583606521091500e-01
4.410356627087113600e-01
-7.465757634301704000e-01
-4.981085962696751900e-01
4.190285776928101600e-01
-1.294125908917089800e-01
-8.987031948287688100e-01
-7.463041855874611400e-01
6.438024199614760200e-01
-1.689630333131596200e-01
-8.832129628306050200e-01
-4.549087950794932800e-01
1.139861853353646600e-01
1.887733803528992300e-01
-9.801448906253637000e-01
-6.066798374046701600e-02
7.201364617777078500e-01
2.036585364413909500e-01
-6.632696864419741500e-01
6.459620748994153700e-01
-7.625820320679618200e-01
-3.466471056766871900e-02
-6.808003589409454800e-01
-3.619463102974483900e-01
6.367933257564366600e-01
6.137725016504622700e-01
-2.068416092585712000e-01
7.619054172907934200e-01
-3.202638846634954200e-01
-1.637821421180359300e-01
9.330629421981536700e-01
7.423762288921409400e-01
-3.459482327422297400e-01
-5.737572265674845100e-01
2.291078742422327000e-02
7.663313983332201700e-01
6.420368242930101200e-01
7.326745162627357200e-01
2.669082548329525000e-01
6.260575346732870600e-01
-1.906167684236361500e-01
3.262901817459363800e-01
9.258509409683254300e-01
-6.835944701466489800e-02
-9.253807962505759000e-01
3.728235077546741000e-01
-9.314491058012492900e-01
-1.622602065851602700e-02
3.635096691363827700e-01
-9.084368707219509000e-01
-2.380837711259199700e-01
-3.435965218673933100e-01
