0.00000000000000000000
0.00000000000000000000
1.00000000000000000000
0.34793730836368755297
0.00000000000000000000
0.93751780220358066521
-0.82687869010609012723
0.15163312436835304618
0.54155242354062837925
0.51171296104491571123
0.66146698770635126962
0.54828028386339984655
0.62765745455376191896
-0.77841326278270312906
-0.01090468097097090606
0.17528025283221796792
0.62074000404568337652
0.76417189188325863886
-0.45704169621983362174
0.70191176364410401700
-0.54628999988515328821
0.08326190351701954010
-0.25642334415185248629
-0.96297171505538164922
0.55167741249996488154
-0.68074887813822695448
-0.48190558976929186425
-0.70763928390068921648
0.67644048860680402360
0.20414433436641831873
-0.48440620875708088230
0.13364283472248848481
-0.86457516598901278118
0.38817738094410177627
-0.88794064438242133661
-0.24673818710752508732
0.72971525502221498884
0.38374664706154869923
0.56591002593776594054
0.94992582251750626634
-0.21092794987151051591
0.23054355700700189330
0.10983622900898677477
-0.99239998295362211581
-0.05548221905021415107
-0.38225285762579972402
0.46550000705063989348
-0.79824338160285694613
-0.67826833588193483147
0.33966631624680893251
-0.65159715940700172530
-0.71847077151599798411
-0.67410218290018001843
0.17142344497302247874
0.24033414714526782899
0.72030757125513555275
-0.65068925034034838420
0.90297976558316113565
-0.10331155556188495973
-0.41707824857544767561
0.75662155366771319191
0.25635271216381076268
-0.60150404112666956840
-0.12225030048728071959
0.28161931080521039660
-0.95170658703844636058
0.36252592843214215225
-0.91459054129442623706
0.17916219743344789168
-0.24195787764659502657
-0.96704883566046467001
-0.07920186167316362997
-0.62078383593903566539
0.77406154218077337955
-0.12432279740071506732
0.50710971761417174101
0.18520505073277223310
-0.84174748201841759855
0.50811899863054885001
0.82816102673978608868
0.23656795433868807688
-0.33092397640669305125
0.90041987365194930892
-0.28237098464925553230
-0.29381872117047018106
0.18636236111703805690
0.93751780220358066521
-0.44059458362667468638
0.80535666795989500355
0.39658170690460824001
-0.85298066555375875288
-0.50994133941787901689
-0.11128258868379304617
-0.73556699337403109179
0.56003189273616952650
-0.38118955570297516986
0.76178016740153111687
0.52800978823296752395
-0.37536201204153839946
0.18478341257056968546
0.91429767455958454543
-0.36043703019211366297
-0.37837233216742936249
-0.82890925428805657921
-0.41199978932737144649
-0.89154325261132308923
0.20605301951115111371
-0.40335193302320955169
-0.12159566444227918867
0.93862411649469611006
0.32279910520847449576
-0.96312949499202721387
-0.02574180669968909635
0.26780391196589804018
0.92147932433700681423
0.23706774946531907571
0.30769260144316455153
-0.69150608455443096632
-0.52852121640922045912
0.49242731324482613985
-0.41058875432964645040
-0.73903054979974046430
0.53408868297383213024
-0.04208311327800649646
0.99396488464047503977
-0.10130557575216489381
-0.05314564866850660747
0.59448047464331267951
-0.80235185878482598064
-0.45846376838944629591
-0.58649486150374585574
-0.66770858202051747390
-0.98401347066958980445
0.16599716813127269054
-0.06451689478877848081
0.95253914835680583577
-0.28151840260319129480
-0.11582987457231635571
-0.43124925101417530845
0.59358126199022273481
0.67947433278513720140
0.74104126008532477750
-0.38942618579731621362
-0.54699643204184448363
-0.61011694101452705761
-0.06631064575086953940
0.78953164379091152334
0.85240199182541722818
-0.03571059984448469733
0.52166617428275760346
0.60887225783415846071
-0.71740811377432631559
0.33852647153612275456
0.76182954089868934003
0.58540102104610642930
0.27734706627665684320
0.13061072251719065450
-0.57160873498292370271
-0.81006437599412993970
-0.98126673964342978585
-0.18702242148973054654
-0.04624066964989755608
0.21392310286598421249
0.84360711679469716034
0.49250780557624436651
-0.90906891341023882695
-0.14676057177507643488
-0.38994236143740569490
0.18054024480560087021
0.10114154950757348376
-0.97835351840157490691
0.25238780246303279961
0.42898000256671253981
-0.86733877727549137721
0.99804784205421704414
0.06155769548666120954
0.01054301177520533491
0.45723572558091670564
0.40904651213129345979
0.78969389143244373013
-0.86481789285822502339
0.49873330098046149735
-0.05792328275738545305
0.14697640815041756015
-0.62128208349450245252
0.76967948405549433214
-0.21029604633325308946
-0.05989465140282258331
-0.97580131360330553337
-0.71658221801959002195
0.48505908592853768570
0.50122610464369894682
-0.20503194244443166700
-0.59064620061329001809
0.78044792797376842195
-0.14186276749442164585
0.49524084965845984251
0.85709477657280728580
-0.67078370800011862039
-0.63163532435856304990
-0.38869786995051110805
0.63696053593440037706
0.10575971788900776825
0.76360733216372335736
-0.58347057971966901402
0.28498823297795934564
0.76048917787546045471
-0.14023807485192923445
-0.74010708575221495622
-0.65770417664873334038
-0.71599856539766184284
-0.35341310474178246548
-0.60203424466160066881
0.78715340251756851801
-0.56626734199781596439
-0.24439889175637292233
0.22706497449300345047
-0.79884573358905915836
-0.55703410244351253077
0.19200764809503615833
0.96788079391258787002
0.16229550778795870620
-0.50388323685086890878
-0.40252421473700987984
0.76424861149435181895
-0.11823698347136052702
0.76634080435192743893
0.63146004412380209476
0.49913578487504248112
0.76153133101563017657
-0.41344104796057443988
0.84237711347047265764
-0.52675550745460235003
0.11370766934291987609
-0.04209937368628658204
-0.92876851880604394522
-0.36826170206803964561
0.78192809821356632244
-0.43039206237686664293
0.45094469934472310206
0.53083966420823042071
0.51975402736194674913
-0.66937657708074151051
-0.91387886142228648830
0.32358258329246161956
0.24519326751622367348
-0.56188603174008962060
-0.81986867139551289353
-0.10999749542390270957
0.71066697230245548833
0.69996140128268258562
-0.07075656289592058320
-0.48061720969113294769
-0.24438958063481860575
-0.84218812068673055851
0.92845106220186603751
0.22707913952384650437
-0.29396205450591090620
-0.00160122870634747904
-0.34793362386811334044
0.93751780220358066521
-0.89512354210523654431
-0.37568690280751519334
0.24002748890048292163
0.29826470471393261477
-0.80699435715030487103
0.50970410381855546615
0.51736445245752549770
-0.56402528646699190123
0.64359109655056024670
0.64851995310631794432
-0.24494068766729041988
0.72071209921025611799
-0.10493216389706822067
0.83161451878895522946
-0.54534991805197261103
-0.30526428973779203988
-0.16695533523145989564
0.93751780220358066521
-0.81840410156364794706
-0.20175108184973334298
0.53806247547683569452
-0.42522430488945504842
-0.88030012507134019159
0.21037105392772692779
0.90894263931007994638
0.41690555139973213275
0.00361104640114442378
0.34571897878788938754
-0.34731367649788101595
0.87169467006709645232
0.70281598807782688263
-0.07665084496566565512
-0.70723004381052519683
0.41436160072648401960
-0.15133667347560936186
-0.89744173911442442551
0.42152962736540964697
0.90147832861016572040
-0.09823235871850454173
0.46387692857029846456
-0.46939609580166426587
-0.75132250091844117394
-0.74305004867842543567
-0.00740434681452370031
-0.66919489000383127790
0.15062368352163933048
0.31364450658945206021
0.93751780220358066521
-0.19822600038874741612
-0.45547876514298064376
-0.86789719856311656961
-0.08355360489355121639
-0.96724764695414738831
0.23968893293382860475
-0.36709282332346950904
0.92766500777374021865
0.06841412439365500008
-0.05460598172260656878
-0.82509223764634616926
0.56235307960022391486
