0.00000000000000000000
0.00000000000000000000
1.00000000000000000000
0.34023684132289286352
0.00000000000000000000
0.94033977465946883298
0.68573074363698831855
-0.60229931413275425228
-0.40866720375664697874
-0.95501698870631028205
0.19247022760919072488
0.22560532521728633968
0.23913858630663766700
-0.96884878088136667795
-0.06437993727825731273
-0.65998685902303521853
-0.01727856317084230015
0.75107842278397230497
0.09016674631160408844
-0.71312678073920526947
-0.69521230746593970437
0.49711645973791112533
0.55118234864622170612
-0.67012927409454415511
0.25408120354334700998
-0.87106546936433829743
-0.42034234867194773983
-0.59546276468847976669
-0.58063569285015370728
-0.55523534474848963534
-0.32076945498884358560
0.57074628714460385510
-0.75588069988379095612
0.22194407148091301006
0.46172918945380294123
-0.85880555700391781234
-0.80918437924137261240
0.48933617356389749375
0.32522415290626502233
-0.97466579126904396730
0.18922604960596472587
-0.11924805021638464235
0.94283038201406781968
0.31890812710179109995
0.09679089430124505948
0.20103547947258480924
0.82191626053358739918
0.53295252758919533289
0.68298612079811856461
-0.03466322950609205216
-0.72960840134783658152
0.72216698219743607450
0.29274858013467081917
-0.62671613881643598988
0.02438196254180309958
0.99864119599889286066
-0.04605737244471252347
-0.49652399693793418556
0.27862274729321893928
0.82209080104058905700
-0.30604552661369763227
0.56177790325726846071
0.76859724371845857699
-0.28659746202747347119
-0.69192628352857600918
-0.66264614457623123325
-0.08954744982845923774
-0.47822384252261494217
-0.87366080985249919833
0.11434616839096770724
0.92173647762814615590
-0.37057633435496454895
-0.42184252563200172046
-0.40968617863774119874
-0.80883009254207325056
-0.16993746356084995379
0.29475814945796523469
0.94033977465946883298
-0.12804987089171339377
0.80088964191035962021
-0.58496069273525675953
0.35380751982823951526
0.92736888261656678791
-0.12168481609260159580
-0.84332523218344116682
-0.38939275802905635039
-0.37037255940103043493
0.91767466052347610732
0.30999301728996434529
-0.24855089350993439671
-0.87599395200891041979
-0.02551755726060248788
0.48164660313892240879
0.77242117069374820902
-0.63074316272679410238
-0.07435454079947254897
0.77752801499367131211
0.56802271178537542911
0.26981546433810934711
-0.41968625534437920692
-0.82705910451270008744
-0.37394743576826833142
-0.73600370415808067963
-0.31956009443497763709
0.59680808767165063203
-0.08922379979887329328
-0.88565740119929328394
-0.45568638475421298596
-0.88195381678759521771
-0.04636553104035115654
-0.46904978689382128460
0.42358025660565670501
-0.65301525572885768176
-0.62781433720428894325
0.29793410388006574184
0.92908072146767616333
0.21919006077439857357
-0.12152356556218133883
-0.96821281111577258000
0.21862290686098632718
0.25446248160000435841
-0.45399827136343923810
-0.85389367901219202712
-0.10248563781907976230
0.36386241086075904161
-0.92579740764565364416
-0.41020275272277362304
0.83381367741342354291
0.36944343683027081065
0.49952284247885378016
0.28158187073498726147
0.81926099621258130408
0.81100607000117731066
-0.29517626990457106596
-0.50511397140295901877
0.01224706705305927809
-0.58081424800934715514
0.81394398987764166927
-0.29960648744126144498
0.95189723403905923294
0.06424646692151826375
-0.03891023637362586134
0.95598245572973297907
0.29083249103615931413
0.20837094342703467518
-0.31887975931232672183
0.92460653741807390177
-0.62388957319869224995
0.47141488374856258886
-0.62332159262637680981
0.72145382226982030861
0.55978814758825561927
-0.40760472537984133954
-0.58960938434531594413
-0.62170863021620202778
0.51559592027733430140
-0.15193477119675094418
-0.30442886442446668316
0.94033977465946883298
0.16875783165983042869
-0.79064239848538027507
0.58856213943028775246
-0.42673895282142727059
0.26093414144771969714
-0.86591410657859886823
-0.14019017121141509599
0.80077164469801253533
0.58233279913066385227
-0.82286178257425254129
-0.48030318124808829882
0.30365661669341173363
0.03611919815177867336
0.59126802447409498620
0.80566589027919852757
0.52126872418804113207
-0.82824620109898513241
-0.20563839025938561667
0.56702800275310360236
-0.35984906009634647218
-0.74093717550248641755
0.85493144343083013347
-0.18722066540160539780
0.48377747930206239703
-0.10032903425951035839
-0.98698938318241150376
-0.12564251816068027482
-0.19218290398084475617
0.03483945291876039571
-0.98074050795193061737
0.92585527757439712792
-0.34040215504306630831
0.16406821090531917359
0.48768035643187292958
-0.73768828031756421981
0.46688742865127153626
-0.49740603781222498806
-0.07718305839981321781
-0.86407754804993887637
-0.70354711567268473419
0.14326177892041708279
-0.69605855984191696890
0.86039802601783280292
0.20951933840631022229
0.46456095795750934518
0.67286377391393419021
-0.46652480597679396800
0.57411579595288335728
-0.73186652660934625869
0.60070628672050289081
-0.32175043795344869270
-0.32353837982373998356
-0.59658348351299879272
0.73444609331150019944
0.70327107248323973974
0.02472322137277102687
0.71049177400813495560
-0.88427542233316849346
-0.46557989638755082241
-0.03594909647340161256
-0.70053687033990500169
-0.26902489675286031128
-0.66096421856367079552
0.74236386202475845303
-0.61347967551248874431
0.26932987968804521877
0.59254741925495881534
0.80013660358297125282
0.09310731196310619453
0.06967759212776009096
-0.19043201236756474898
-0.97922453085128395975
-0.75533673017427830790
0.27827751497056431817
0.59331951654352045034
0.21706042287988901715
-0.93551922197536284276
0.27872667280656068710
0.92316507828250857062
-0.33893925112283665537
-0.18134613943489531509
0.15846870386921262907
0.14338107308430683506
-0.97689791573900108121
0.37501421007050832012
-0.55851798068804750826
0.73987972501842381995
-0.42404783979561772066
-0.90486618569835709058
-0.03742479852152139503
-0.16964958148796494471
-0.82991109510349182460
0.53147586372767793825
-0.69865021621275877619
-0.67430468690344288997
-0.23916744052214814128
0.47126069878831212367
0.22244065410869904031
-0.85348316279657553936
-0.52998249054030267608
0.83208700800533008725
-0.16355357174160314789
-0.96406900768643507578
-0.18662298934209274711
0.18905768502632608850
0.99187036097985037931
-0.00477732213397187533
-0.12716274691484752803
0.52937623407671168738
-0.25720476798054772533
0.80845934351878893184
0.51935989568299077843
-0.84309837209294476761
0.13946481179989233424
-0.85538407587438854171
0.29528561486509882805
-0.42558722771514047445
0.37076521986625761102
0.58641559278188902828
0.72017352372868537240
0.88691619021633529469
0.03881403725744624555
-0.46029679777717216272
0.17535866531555777678
0.30351488278516203309
0.93655114885768814891
0.97596819433305138582
-0.00289370816593958788
0.21789380464651494852
-0.47764277409204383298
-0.30110154012553541698
0.82534552939462110216
-0.43311373516983467093
-0.84766955448518723767
0.30638018670618781169
-0.34018739561995719260
-0.00580034953171847453
0.94033977465946883298
0.80655610928489272714
0.58652113453711693708
-0.07389317503335036434
-0.65576651117615515190
0.74091441625184588492
0.14496934369045074315
-0.68267940769024425176
-0.72351251775406169780
0.10236436376432881488
0.66486844226190167797
0.46934594509870738704
0.58108892460933504360
0.20520215534216526676
0.73440157771836740088
-0.64695161958812858437
-0.57711366084726997605
0.59687665364248011850
0.55738503998584055163
0.39859837850736159537
-0.11041805130344122077
-0.91045438468802637775
-0.45730375150463675700
0.74267116026976228621
-0.48919610235911579152
-0.97583136828684895745
-0.15437985968347307141
-0.15466091811290698706
-0.22125769846849756660
0.93409912631981404123
-0.28018539054879985067
0.45893554361248469091
0.78406256369274523586
-0.41788044106499287372
0.51923804050401006176
0.74118765175433227079
0.42547940276875292855
-0.86575297008521451720
0.50023431659145690960
-0.01540854609973685012
